010003233300000051322501323981077164687215    36512312025000002000.00000101010001010100010000006668
010003233300000051322501333192932456313633    36512312025000002000.00000101010001010100010000006668
010003233300000051322501342951859303220875    36512312025000002000.00000101010001010100010000006668
010003233300000051322501352198495765132454    36512312025000002000.00000101010001010100010000006668
010003233300000051322501361658026405649252    36512312025000002000.00000101010001010100010000006668
010003233300000051322501373974364456174467    36512312025000002000.00000101010001010100010000006668
010003233300000051322501382161496948334221    36512312025000002000.00000101010001010100010000006668
010003233300000051322501391432900469279244    36512312025000002000.00000101010001010100010000006668
010003233300000051322501406288032469668435    36512312025000002000.00000101010001010100010000006668
010003233300000051322501411325297398555812    36512312025000002000.00000101010001010100010000006668
010003233300000051322501421938047697310983    36512312025000002000.00000101010001010100010000006668
010003233300000051322501432655510243843474    36512312025000002000.00000101010001010100010000006668
010003233300000051322501445345234315932045    36512312025000002000.00000101010001010100010000006668
010003233300000051322501459591984584814204    36512312025000002000.00000101010001010100010000006668
010003233300000051322501464855558146956312    36512312025000002000.00000101010001010100010000006668
010003233300000051322501472065297111241588    36512312025000002000.00000101010001010100010000006668
010003233300000051322501483025629650643690    36512312025000002000.00000101010001010100010000006668
010003233300000051322501494541613387058885    36512312025000002000.00000101010001010100010000006668
010003233300000051322501507766349677641685    36512312025000002000.00000101010001010100010000006668
010003233300000051322501515261785613464087    36512312025000002000.00000101010001010100010000006668
010003233300000051322501527204029497722296    36512312025000002000.00000101010001010100010000006668
010003233300000051322501531168657158574987    36512312025000002000.00000101010001010100010000006668
010003233300000051322501542335817994064898    36512312025000002000.00000101010001010100010000006668
010003233300000051322501557212244767264024    36512312025000002000.00000101010001010100010000006668
010003233300000051322501568049974739824056    36512312025000002000.00000101010001010100010000006668
010003233300000051322501578247000458936120    36512312025000002000.00000101010001010100010000006668
010003233300000051322501588725968177996527    36512312025000002000.00000101010001010100010000006668
010003233300000051322501599942531568046746    36512312025000002000.00000101010001010100010000006668
010003233300000051322501607408853130870181    36512312025000002000.00000101010001010100010000006668
010003233300000051322501617510314210937574    36512312025000002000.00000101010001010100010000006668
010003233300000051322501625681986587763276    36512312025000002000.00000101010001010100010000006668
010003233300000051322501631591855459946481    36512312025000002000.00000101010001010100010000006668
010003233300000051322501644201988774260268    36512312025000002000.00000101010001010100010000006668
010003233300000051322501652992422969200169    36512312025000002000.00000101010001010100010000006668
010003233300000051322501668912148613795299    36512312025000002000.00000101010001010100010000006668
010003233300000051322501677726531024437639    36512312025000002000.00000101010001010100010000006668
010003233300000051322501685779906199250922    36512312025000002000.00000101010001010100010000006668
010003233300000051322501697934705063532388    36512312025000002000.00000101010001010100010000006668
010003233300000051322501704217479121024925    36512312025000002000.00000101010001010100010000006668
010003233300000051322501714687472380300022    36512312025000002000.00000101010001010100010000006668
010003233300000051322501721665761476491828    36512312025000002000.00000101010001010100010000006668
010003233300000051322501735152823208509665    36512312025000002000.00000101010001010100010000006668
010003233300000051322501742138226133010892    36512312025000002000.00000101010001010100010000006668
010003233300000051322501751030450653136079    36512312025000002000.00000101010001010100010000006668
010003233300000051322501765171133417406625    36512312025000002000.00000101010001010100010000006668
010003233300000051322501774574723450669253    36512312025000002000.00000101010001010100010000006668
010003233300000051322501784153210708772585    36512312025000002000.00000101010001010100010000006668
010003233300000051322501797173865300179294    36512312025000002000.00000101010001010100010000006668
010003233300000051322501801289258009504552    36512312025000002000.00000101010001010100010000006668
010003233300000051322501812556206467386588    36512312025000002000.00000101010001010100010000006668
010003233300000051322501821939999026262509    36512312025000002000.00000101010001010100010000006668
010003233300000051322501832688803671696747    36512312025000002000.00000101010001010100010000006668
010003233300000051322501847856363575788022    36512312025000002000.00000101010001010100010000006668
010003233300000051322501851921975387010053    36512312025000002000.00000101010001010100010000006668
010003233300000051322501869384579957291481    36512312025000002000.00000101010001010100010000006668
010003233300000051322501874255952681764467    36512312025000002000.00000101010001010100010000006668
010003233300000051322501883042462450742031    36512312025000002000.00000101010001010100010000006668
010003233300000051322501891376837980996877    36512312025000002000.00000101010001010100010000006668
010003233300000051322501902427675387112593    36512312025000002000.00000101010001010100010000006668
010003233300000051322501911727905498105054    36512312025000002000.00000101010001010100010000006668
010003233300000051322501924811674876589144    36512312025000002000.00000101010001010100010000006668
010003233300000051322501932016793293132012    36512312025000002000.00000101010001010100010000006668
010003233300000051322501942022697919058808    36512312025000002000.00000101010001010100010000006668
010003233300000051322501959406195823985877    36512312025000002000.00000101010001010100010000006668
010003233300000051322501961830067296706091    36512312025000002000.00000101010001010100010000006668
010003233300000051322501971786470494893104    36512312025000002000.00000101010001010100010000006668
010003233300000051322501986904205683034477    36512312025000002000.00000101010001010100010000006668
010003233300000051322501991003222508379365    36512312025000002000.00000101010001010100010000006668
010003233300000051322502002010131336527032    36512312025000002000.00000101010001010100010000006668
010003233300000051322502011217232731656321    36512312025000002000.00000101010001010100010000006668
010003233300000051322502022068561904964844    36512312025000002000.00000101010001010100010000006668
010003233300000051322502031229535003103503    36512312025000002000.00000101010001010100010000006668
010003233300000051322502045535694542014867    36512312025000002000.00000101010001010100010000006668
010003233300000051322502052059013116233329    36512312025000002000.00000101010001010100010000006668
010003233300000051322502068605737565041333    36512312025000002000.00000101010001010100010000006668
010003233300000051322502074825737619122527    36512312025000002000.00000101010001010100010000006668
010003233300000051322502087204741842808018    36512312025000002000.00000101010001010100010000006668
010003233300000051322502095017444594396025    36512312025000002000.00000101010001010100010000006668
010003233300000051322502108477170085419598    36512312025000002000.00000101010001010100010000006668
010003233300000051322502112878214575692830    36512312025000002000.00000101010001010100010000006668
010003233300000051322502122350396543228849    36512312025000002000.00000101010001010100010000006668
010003233300000051322502131187988776543859    36512312025000002000.00000101010001010100010000006668
010003233300000051322502141247459042607186    36512312025000002000.00000101010001010100010000006668
010003233300000051322502153873091302300667    36512312025000002000.00000101010001010100010000006668
010003233300000051322502167671275041739434    36512312025000002000.00000101010001010100010000006668
010003233300000051322502172446124041764299    36512312025000002000.00000101010001010100010000006668
010003233300000051322502182962097401426176    36512312025000002000.00000101010001010100010000006668
010003233300000051322502195486001357403023    36512312025000002000.00000101010001010100010000006668
010003233300000051322502208177589112280079    36512312025000002000.00000101010001010100010000006668
010003233300000051322502211169697432601928    36512312025000002000.00000101010001010100010000006668
010003233300000051322502222001252487150087    36512312025000002000.00000101010001010100010000006668
010003233300000051322502235878142260381278    36512312025000002000.00000101010001010100010000006668
010003233300000051322502242580013149056013    36512312025000002000.00000101010001010100010000006668
010003233300000051322502258839412932345831    36512312025000002000.00000101010001010100010000006668
010003233300000051322502262790250477917098    36512312025000002000.00000101010001010100010000006668
010003233300000051322502271132649826088952    36512312025000002000.00000101010001010100010000006668
010003233300000051322502283002694834210530    36512312025000002000.00000101010001010100010000006668
010003233300000051322502296852945551855684    36512312025000002000.00000101010001010100010000006668
010003233300000051322502303163949100589259    36512312025000002000.00000101010001010100010000006668
010003233300000051322502316697704748303874    36512312025000002000.00000101010001010100010000006668
010003233300000051322502328474728101334818    36512312025000002000.00000101010001010100010000006668
010003233300000051322502333641814206344071    36512312025000002000.00000101010001010100010000006668
010003233300000051322502341075845673623554    36512312025000002000.00000101010001010100010000006668
010003233300000051322502356342073777018826    36512312025000002000.00000101010001010100010000006668
010003233300000051322502366092701865607052    36512312025000002000.00000101010001010100010000006668
010003233300000051322502371871371011877555    36512312025000002000.00000101010001010100010000006668
010003233300000051322502382213394581473809    36512312025000002000.00000101010001010100010000006668
010003233300000051322502396875075917146651    36512312025000002000.00000101010001010100010000006668
010003233300000051322502401323117641030468    36512312025000002000.00000101010001010100010000006668
010003233300000051322502416203440675346276    36512312025000002000.00000101010001010100010000006668
010003233300000051322502426823178828235099    36512312025000002000.00000101010001010100010000006668
010003233300000051322502436260918587489527    36512312025000002000.00000101010001010100010000006668
010003233300000051322502447361967801881068    36512312025000002000.00000101010001010100010000006668
010003233300000051322502459996314041168066    36512312025000002000.00000101010001010100010000006668
010003233300000051322502468231251168166467    36512312025000002000.00000101010001010100010000006668
010003233300000051322502478042265870875030    36512312025000002000.00000101010001010100010000006668
010003233300000051322502482011913094024228    36512312025000002000.00000101010001010100010000006668
010003233300000051322502491139128100967403    36512312025000002000.00000101010001010100010000006668
010003233300000051322502509869131906454476    36512312025000002000.00000101010001010100010000006668
010003233300000051322502513427820483315240    36512312025000002000.00000101010001010100010000006668
010003233300000051322502522560606707988150    36512312025000002000.00000101010001010100010000006668
010003233300000051322502531359376221699525    36512312025000002000.00000101010001010100010000006668
010003233300000051322502549256827979411031    36512312025000002000.00000101010001010100010000006668
010003233300000051322502551239610974954527    36512312025000002000.00000101010001010100010000006668
010003233300000051322502561465471749315759    36512312025000002000.00000101010001010100010000006668
010003233300000051322502574177105259732195    36512312025000002000.00000101010001010100010000006668
010003233300000051322502581085386913307967    36512312025000002000.00000101010001010100010000006668
010003233300000051322502594704063212385655    36512312025000002000.00000101010001010100010000006668
010003233300000051322502607594919778810638    36512312025000002000.00000101010001010100010000006668
010003233300000051322502615757390374287941    36512312025000002000.00000101010001010100010000006668010000667900000051322501317360916352412957    36512312025000010000.00000101010001010100010000033235
010000667900000051322501323981077164687215    36512312025000010000.00000101010001010100010000033235
010000667900000051322501333192932456313633    36512312025000010000.00000101010001010100010000033235
010000667900000051322501342951859303220875    36512312025000010000.00000101010001010100010000033235
010000667900000051322501352198495765132454    36512312025000010000.00000101010001010100010000033235
010000667900000051322501361658026405649252    36512312025000010000.00000101010001010100010000033235
010000667900000051322501373974364456174467    36512312025000010000.00000101010001010100010000033235
010000667900000051322501382161496948334221    36512312025000010000.00000101010001010100010000033235
010000667900000051322501391432900469279244    36512312025000010000.00000101010001010100010000033235
010000667900000051322501406288032469668435    36512312025000010000.00000101010001010100010000033235
010000667900000051322501411325297398555812    36512312025000010000.00000101010001010100010000033235
010000667900000051322501421938047697310983    36512312025000010000.00000101010001010100010000033235
010000667900000051322501432655510243843474    36512312025000010000.00000101010001010100010000033235
010000667900000051322501445345234315932045    36512312025000010000.00000101010001010100010000033235
010000667900000051322501459591984584814204    36512312025000010000.00000101010001010100010000033235
010000667900000051322501464855558146956312    36512312025000010000.00000101010001010100010000033235
010000667900000051322501472065297111241588    36512312025000010000.00000101010001010100010000033235
010000667900000051322501483025629650643690    36512312025000010000.00000101010001010100010000033235
010000667900000051322501494541613387058885    36512312025000010000.00000101010001010100010000033235
010000667900000051322501507766349677641685    36512312025000010000.00000101010001010100010000033235
010000667900000051322501515261785613464087    36512312025000010000.00000101010001010100010000033235
010000667900000051322501527204029497722296    36512312025000010000.00000101010001010100010000033235
010000667900000051322501531168657158574987    36512312025000010000.00000101010001010100010000033235
010000667900000051322501542335817994064898    36512312025000010000.00000101010001010100010000033235
010000667900000051322501557212244767264024    36512312025000010000.00000101010001010100010000033235
010000667900000051322501568049974739824056    36512312025000010000.00000101010001010100010000033235
010000667900000051322501578247000458936120    36512312025000010000.00000101010001010100010000033235
010000667900000051322501588725968177996527    36512312025000010000.00000101010001010100010000033235
010000667900000051322501599942531568046746    36512312025000010000.00000101010001010100010000033235
010000667900000051322501607408853130870181    36512312025000010000.00000101010001010100010000033235
010000667900000051322501617510314210937574    36512312025000010000.00000101010001010100010000033235
010000667900000051322501625681986587763276    36512312025000010000.00000101010001010100010000033235
010000667900000051322501631591855459946481    36512312025000010000.00000101010001010100010000033235
010000667900000051322501644201988774260268    36512312025000010000.00000101010001010100010000033235
010000667900000051322501652992422969200169    36512312025000010000.00000101010001010100010000033235
010000667900000051322501668912148613795299    36512312025000010000.00000101010001010100010000033235
010000667900000051322501677726531024437639    36512312025000010000.00000101010001010100010000033235
010000667900000051322501685779906199250922    36512312025000010000.00000101010001010100010000033235
010000667900000051322501697934705063532388    36512312025000010000.00000101010001010100010000033235
010000667900000051322501704217479121024925    36512312025000010000.00000101010001010100010000033235
010000667900000051322501714687472380300022    36512312025000010000.00000101010001010100010000033235
010000667900000051322501721665761476491828    36512312025000010000.00000101010001010100010000033235
010000667900000051322501735152823208509665    36512312025000010000.00000101010001010100010000033235
010000667900000051322501742138226133010892    36512312025000010000.00000101010001010100010000033235
010000667900000051322501751030450653136079    36512312025000010000.00000101010001010100010000033235
010000667900000051322501765171133417406625    36512312025000010000.00000101010001010100010000033235
010000667900000051322501774574723450669253    36512312025000010000.00000101010001010100010000033235
010000667900000051322501784153210708772585    36512312025000010000.00000101010001010100010000033235
010000667900000051322501797173865300179294    36512312025000010000.00000101010001010100010000033235
010000667900000051322501801289258009504552    36512312025000010000.00000101010001010100010000033235
010000667900000051322501812556206467386588    36512312025000010000.00000101010001010100010000033235
010000667900000051322501821939999026262509    36512312025000010000.00000101010001010100010000033235
010000667900000051322501832688803671696747    36512312025000010000.00000101010001010100010000033235
010000667900000051322501847856363575788022    36512312025000010000.00000101010001010100010000033235
010000667900000051322501851921975387010053    36512312025000010000.00000101010001010100010000033235
010000667900000051322501869384579957291481    36512312025000010000.00000101010001010100010000033235
010000667900000051322501874255952681764467    36512312025000010000.00000101010001010100010000033235
010000667900000051322501883042462450742031    36512312025000010000.00000101010001010100010000033235
010000667900000051322501891376837980996877    36512312025000010000.00000101010001010100010000033235
010000667900000051322501902427675387112593    36512312025000010000.00000101010001010100010000033235
010000667900000051322501911727905498105054    36512312025000010000.00000101010001010100010000033235
010000667900000051322501924811674876589144    36512312025000010000.00000101010001010100010000033235
010000667900000051322501932016793293132012    36512312025000010000.00000101010001010100010000033235
010000667900000051322501942022697919058808    36512312025000010000.00000101010001010100010000033235
010000667900000051322501959406195823985877    36512312025000010000.00000101010001010100010000033235
010000667900000051322501961830067296706091    36512312025000010000.00000101010001010100010000033235
010000667900000051322501971786470494893104    36512312025000010000.00000101010001010100010000033235
010000667900000051322501986904205683034477    36512312025000010000.00000101010001010100010000033235
010000667900000051322501991003222508379365    36512312025000010000.00000101010001010100010000033235
010000667900000051322502002010131336527032    36512312025000010000.00000101010001010100010000033235
010000667900000051322502011217232731656321    36512312025000010000.00000101010001010100010000033235
010000667900000051322502022068561904964844    36512312025000010000.00000101010001010100010000033235
010000667900000051322502031229535003103503    36512312025000010000.00000101010001010100010000033235
010000667900000051322502045535694542014867    36512312025000010000.00000101010001010100010000033235
010000667900000051322502052059013116233329    36512312025000010000.00000101010001010100010000033235
010000667900000051322502068605737565041333    36512312025000010000.00000101010001010100010000033235
010000667900000051322502074825737619122527    36512312025000010000.00000101010001010100010000033235
010000667900000051322502087204741842808018    36512312025000010000.00000101010001010100010000033235
010000667900000051322502095017444594396025    36512312025000010000.00000101010001010100010000033235
010000667900000051322502108477170085419598    36512312025000010000.00000101010001010100010000033235
010000667900000051322502112878214575692830    36512312025000010000.00000101010001010100010000033235
010000667900000051322502122350396543228849    36512312025000010000.00000101010001010100010000033235
010000667900000051322502131187988776543859    36512312025000010000.00000101010001010100010000033235
010000667900000051322502141247459042607186    36512312025000010000.00000101010001010100010000033235
010000667900000051322502153873091302300667    36512312025000010000.00000101010001010100010000033235
010000667900000051322502167671275041739434    36512312025000010000.00000101010001010100010000033235
010000667900000051322502172446124041764299    36512312025000010000.00000101010001010100010000033235
010000667900000051322502182962097401426176    36512312025000010000.00000101010001010100010000033235
010000667900000051322502195486001357403023    36512312025000010000.00000101010001010100010000033235
010000667900000051322502208177589112280079    36512312025000010000.00000101010001010100010000033235
010000667900000051322502211169697432601928    36512312025000010000.00000101010001010100010000033235
010000667900000051322502222001252487150087    36512312025000010000.00000101010001010100010000033235
010000667900000051322502235878142260381278    36512312025000010000.00000101010001010100010000033235
010000667900000051322502242580013149056013    36512312025000010000.00000101010001010100010000033235
010000667900000051322502258839412932345831    36512312025000010000.00000101010001010100010000033235
010000667900000051322502262790250477917098    36512312025000010000.00000101010001010100010000033235
010000667900000051322502271132649826088952    36512312025000010000.00000101010001010100010000033235
010000667900000051322502283002694834210530    36512312025000010000.00000101010001010100010000033235
010000667900000051322502296852945551855684    36512312025000010000.00000101010001010100010000033235
010000667900000051322502303163949100589259    36512312025000010000.00000101010001010100010000033235
010000667900000051322502316697704748303874    36512312025000010000.00000101010001010100010000033235
010000667900000051322502328474728101334818    36512312025000010000.00000101010001010100010000033235
010000667900000051322502333641814206344071    36512312025000010000.00000101010001010100010000033235
010000667900000051322502341075845673623554    36512312025000010000.00000101010001010100010000033235
010000667900000051322502356342073777018826    36512312025000010000.00000101010001010100010000033235
010000667900000051322502366092701865607052    36512312025000010000.00000101010001010100010000033235
010000667900000051322502371871371011877555    36512312025000010000.00000101010001010100010000033235
010000667900000051322502382213394581473809    36512312025000010000.00000101010001010100010000033235
010000667900000051322502396875075917146651    36512312025000010000.00000101010001010100010000033235
010000667900000051322502401323117641030468    36512312025000010000.00000101010001010100010000033235
010000667900000051322502416203440675346276    36512312025000010000.00000101010001010100010000033235
010000667900000051322502426823178828235099    36512312025000010000.00000101010001010100010000033235
010000667900000051322502436260918587489527    36512312025000010000.00000101010001010100010000033235
010000667900000051322502447361967801881068    36512312025000010000.00000101010001010100010000033235
010000667900000051322502459996314041168066    36512312025000010000.00000101010001010100010000033235
010000667900000051322502468231251168166467    36512312025000010000.00000101010001010100010000033235
010000667900000051322502478042265870875030    36512312025000010000.00000101010001010100010000033235
010000667900000051322502482011913094024228    36512312025000010000.00000101010001010100010000033235
010000667900000051322502491139128100967403    36512312025000010000.00000101010001010100010000033235
010000667900000051322502509869131906454476    36512312025000010000.00000101010001010100010000033235
010000667900000051322502513427820483315240    36512312025000010000.00000101010001010100010000033235
010000667900000051322502522560606707988150    36512312025000010000.00000101010001010100010000033235
010000667900000051322502531359376221699525    36512312025000010000.00000101010001010100010000033235
010000667900000051322502549256827979411031    36512312025000010000.00000101010001010100010000033235
010000667900000051322502551239610974954527    36512312025000010000.00000101010001010100010000033235
010000667900000051322502561465471749315759    36512312025000010000.00000101010001010100010000033235
010000667900000051322502574177105259732195    36512312025000010000.00000101010001010100010000033235
010000667900000051322502581085386913307967    36512312025000010000.00000101010001010100010000033235
010000667900000051322502594704063212385655    36512312025000010000.00000101010001010100010000033235
010000667900000051322502607594919778810638    36512312025000010000.00000101010001010100010000033235