010003234000000051322510427617531841185059    36512312025000002000.00000101010001010100010000006668
010003234000000051322510438696879870869665    36512312025000002000.00000101010001010100010000006668
010003234000000051322510441932494455910442    36512312025000002000.00000101010001010100010000006668
010003234000000051322510457583838672150066    36512312025000002000.00000101010001010100010000006668
010003234000000051322510464586346391153020    36512312025000002000.00000101010001010100010000006668
010003234000000051322510477538205974259488    36512312025000002000.00000101010001010100010000006668
010003234000000051322510487682203316767034    36512312025000002000.00000101010001010100010000006668
010003234000000051322510496029158200278438    36512312025000002000.00000101010001010100010000006668
010003234000000051322510501085445156435002    36512312025000002000.00000101010001010100010000006668
010003234000000051322510511133022302976734    36512312025000002000.00000101010001010100010000006668
010003234000000051322510526676947309756668    36512312025000002000.00000101010001010100010000006668
010003234000000051322510539740197701930389    36512312025000002000.00000101010001010100010000006668
010003234000000051322510543473841222661849    36512312025000002000.00000101010001010100010000006668
010003234000000051322510551319299868242358    36512312025000002000.00000101010001010100010000006668
010003234000000051322510564671429869334372    36512312025000002000.00000101010001010100010000006668
010003234000000051322510573914578413360319    36512312025000002000.00000101010001010100010000006668
010003234000000051322510581927068669567029    36512312025000002000.00000101010001010100010000006668
010003234000000051322510595869088191066488    36512312025000002000.00000101010001010100010000006668
010003234000000051322510602113549333616044    36512312025000002000.00000101010001010100010000006668
010003234000000051322510611819815399526854    36512312025000002000.00000101010001010100010000006668
010003234000000051322510621312557711071286    36512312025000002000.00000101010001010100010000006668
010003234000000051322510631321054110844289    36512312025000002000.00000101010001010100010000006668
010003234000000051322510642009192845245010    36512312025000002000.00000101010001010100010000006668
010003234000000051322510652973194042765138    36512312025000002000.00000101010001010100010000006668
010003234000000051322510663737320840422081    36512312025000002000.00000101010001010100010000006668
010003234000000051322510672634288415995698    36512312025000002000.00000101010001010100010000006668
010003234000000051322510687245356464958035    36512312025000002000.00000101010001010100010000006668
010003234000000051322510691350638329294048    36512312025000002000.00000101010001010100010000006668
010003234000000051322510704340132263023245    36512312025000002000.00000101010001010100010000006668
010003234000000051322510713986343919905195    36512312025000002000.00000101010001010100010000006668
010003234000000051322510727883422528059052    36512312025000002000.00000101010001010100010000006668
010003234000000051322510732727420196081350    36512312025000002000.00000101010001010100010000006668
010003234000000051322510746457052360612021    36512312025000002000.00000101010001010100010000006668
010003234000000051322510756851835796995219    36512312025000002000.00000101010001010100010000006668
010003234000000051322510761477051629228484    36512312025000002000.00000101010001010100010000006668
010003234000000051322510771377117160382648    36512312025000002000.00000101010001010100010000006668
010003234000000051322510781222414972062997    36512312025000002000.00000101010001010100010000006668
010003234000000051322510792805323154803047    36512312025000002000.00000101010001010100010000006668
010003234000000051322510804965056042800047    36512312025000002000.00000101010001010100010000006668
010003234000000051322510818100039133888096    36512312025000002000.00000101010001010100010000006668
010003234000000051322510823547308018744350    36512312025000002000.00000101010001010100010000006668
010003234000000051322510837789463153899065    36512312025000002000.00000101010001010100010000006668
010003234000000051322510841280405208065926    36512312025000002000.00000101010001010100010000006668
010003234000000051322510855139497609650871    36512312025000002000.00000101010001010100010000006668
010003234000000051322510863002798112932929    36512312025000002000.00000101010001010100010000006668
010003234000000051322510876789700563728440    36512312025000002000.00000101010001010100010000006668
010003234000000051322510881170127301624805    36512312025000002000.00000101010001010100010000006668
010003234000000051322510891845056487233778    36512312025000002000.00000101010001010100010000006668
010003234000000051322510901855742832953031    36512312025000002000.00000101010001010100010000006668
010003234000000051322510911240218243586306    36512312025000002000.00000101010001010100010000006668
010003234000000051322510921081305145247769    36512312025000002000.00000101010001010100010000006668
010003234000000051322510931427305086270003    36512312025000002000.00000101010001010100010000006668
010003234000000051322510945276985293806921    36512312025000002000.00000101010001010100010000006668
010003234000000051322510951739209921824960    36512312025000002000.00000101010001010100010000006668
010003234000000051322510961818165385622962    36512312025000002000.00000101010001010100010000006668
010003234000000051322510973960714309008177    36512312025000002000.00000101010001010100010000006668
010003234000000051322510982195460506910040    36512312025000002000.00000101010001010100010000006668
010003234000000051322510991184236255291764    36512312025000002000.00000101010001010100010000006668
010003234000000051322511001226857809901562    36512312025000002000.00000101010001010100010000006668
010003234000000051322511013353705060920064    36512312025000002000.00000101010001010100010000006668
010003234000000051322511029497955234917711    36512312025000002000.00000101010001010100010000006668
010003234000000051322511039222827457009080    36512312025000002000.00000101010001010100010000006668
010003234000000051322511043494009199402834    36512312025000002000.00000101010001010100010000006668
010003234000000051322511051571275596211196    36512312025000002000.00000101010001010100010000006668
010003234000000051322511062605949364480041    36512312025000002000.00000101010001010100010000006668
010003234000000051322511075744109954206960    36512312025000002000.00000101010001010100010000006668
010003234000000051322511085081232789894395    36512312025000002000.00000101010001010100010000006668
010003234000000051322511093024122121018928    36512312025000002000.00000101010001010100010000006668
010003234000000051322511107443559192650472    36512312025000002000.00000101010001010100010000006668
010003234000000051322511111989993682214091    36512312025000002000.00000101010001010100010000006668
010003234000000051322511121158337007385764    36512312025000002000.00000101010001010100010000006668
010003234000000051322511137434574890163263    36512312025000002000.00000101010001010100010000006668
010003234000000051322511141673662504369246    36512312025000002000.00000101010001010100010000006668
010003234000000051322511155026812656943014    36512312025000002000.00000101010001010100010000006668
010003234000000051322511167666284493252728    36512312025000002000.00000101010001010100010000006668
010003234000000051322511171510577104746367    36512312025000002000.00000101010001010100010000006668
010003234000000051322511183147952021951850    36512312025000002000.00000101010001010100010000006668
010003234000000051322511191875837524314326    36512312025000002000.00000101010001010100010000006668
010003234000000051322511201089199723820675    36512312025000002000.00000101010001010100010000006668
010003234000000051322511211647588194523297    36512312025000002000.00000101010001010100010000006668
010003234000000051322511221139882631398045    36512312025000002000.00000101010001010100010000006668
010003234000000051322511234865179627176062    36512312025000002000.00000101010001010100010000006668
010003234000000051322511244571065583310620    36512312025000002000.00000101010001010100010000006668
010003234000000051322511253595023879796839    36512312025000002000.00000101010001010100010000006668
010003234000000051322511269062932314276044    36512312025000002000.00000101010001010100010000006668
010003234000000051322511272136068516725865    36512312025000002000.00000101010001010100010000006668
010003234000000051322511281193977620375753    36512312025000002000.00000101010001010100010000006668
010003234000000051322511297013352462573996    36512312025000002000.00000101010001010100010000006668
010003234000000051322511307951386619451873    36512312025000002000.00000101010001010100010000006668
010003234000000051322511316937449151719215    36512312025000002000.00000101010001010100010000006668
010003234000000051322511321095954721810920    36512312025000002000.00000101010001010100010000006668
010003234000000051322511338371268939919088    36512312025000002000.00000101010001010100010000006668
010003234000000051322511346713914191017657    36512312025000002000.00000101010001010100010000006668
010003234000000051322511352529301986846080    36512312025000002000.00000101010001010100010000006668
010003234000000051322511367929357614894786    36512312025000002000.00000101010001010100010000006668
010003234000000051322511371991668286175309    36512312025000002000.00000101010001010100010000006668
010003234000000051322511382314046441844025    36512312025000002000.00000101010001010100010000006668
010003234000000051322511391308716145574204    36512312025000002000.00000101010001010100010000006668
010003234000000051322511402315520872771725    36512312025000002000.00000101010001010100010000006668
010003234000000051322511411125050981513803    36512312025000002000.00000101010001010100010000006668
010003234000000051322511421638914701593633    36512312025000002000.00000101010001010100010000006668
010003234000000051322511433276206911809516    36512312025000002000.00000101010001010100010000006668
010003234000000051322511449351632088735676    36512312025000002000.00000101010001010100010000006668
010003234000000051322511454616292877650656    36512312025000002000.00000101010001010100010000006668
010003234000000051322511461086732844873668    36512312025000002000.00000101010001010100010000006668
010003234000000051322511477947794764987726    36512312025000002000.00000101010001010100010000006668
010003234000000051322511485162711401068072    36512312025000002000.00000101010001010100010000006668
010003234000000051322511491696207466433267    36512312025000002000.00000101010001010100010000006668
010003234000000051322511503251058549350433    36512312025000002000.00000101010001010100010000006668
010003234000000051322511518306994395864561    36512312025000002000.00000101010001010100010000006668
010003234000000051322511525496349505973091    36512312025000002000.00000101010001010100010000006668
010003234000000051322511533272383527620422    36512312025000002000.00000101010001010100010000006668
010003234000000051322511548201140361043327    36512312025000002000.00000101010001010100010000006668
010003234000000051322511556308563574292855    36512312025000002000.00000101010001010100010000006668
010003234000000051322511569007750373543042    36512312025000002000.00000101010001010100010000006668
010003234000000051322511571780967821846480    36512312025000002000.00000101010001010100010000006668
010003234000000051322511581372933993488965    36512312025000002000.00000101010001010100010000006668
010003234000000051322511595611842915687687    36512312025000002000.00000101010001010100010000006668
010003234000000051322511601328830163506089    36512312025000002000.00000101010001010100010000006668
010003234000000051322511619383052873177588    36512312025000002000.00000101010001010100010000006668
010003234000000051322511629846465282614892    36512312025000002000.00000101010001010100010000006668
010003234000000051322511638603852496302251    36512312025000002000.00000101010001010100010000006668
010003234000000051322511642975796639858205    36512312025000002000.00000101010001010100010000006668
010003234000000051322511658835902400514637    36512312025000002000.00000101010001010100010000006668
010003234000000051322511668799615876352765    36512312025000002000.00000101010001010100010000006668
010003234000000051322511671212557602094643    36512312025000002000.00000101010001010100010000006668
010003234000000051322511684657395477916857    36512312025000002000.00000101010001010100010000006668
010003234000000051322511691541156385875047    36512312025000002000.00000101010001010100010000006668
010003234000000051322511701377399955527845    36512312025000002000.00000101010001010100010000006668
010003234000000051322511711814215548469508    36512312025000002000.00000101010001010100010000006668010000668600000051322510417668782671493781    36512312025000010000.00000101010001010100010000033235
010000668600000051322510427617531841185059    36512312025000010000.00000101010001010100010000033235
010000668600000051322510438696879870869665    36512312025000010000.00000101010001010100010000033235
010000668600000051322510441932494455910442    36512312025000010000.00000101010001010100010000033235
010000668600000051322510457583838672150066    36512312025000010000.00000101010001010100010000033235
010000668600000051322510464586346391153020    36512312025000010000.00000101010001010100010000033235
010000668600000051322510477538205974259488    36512312025000010000.00000101010001010100010000033235
010000668600000051322510487682203316767034    36512312025000010000.00000101010001010100010000033235
010000668600000051322510496029158200278438    36512312025000010000.00000101010001010100010000033235
010000668600000051322510501085445156435002    36512312025000010000.00000101010001010100010000033235
010000668600000051322510511133022302976734    36512312025000010000.00000101010001010100010000033235
010000668600000051322510526676947309756668    36512312025000010000.00000101010001010100010000033235
010000668600000051322510539740197701930389    36512312025000010000.00000101010001010100010000033235
010000668600000051322510543473841222661849    36512312025000010000.00000101010001010100010000033235
010000668600000051322510551319299868242358    36512312025000010000.00000101010001010100010000033235
010000668600000051322510564671429869334372    36512312025000010000.00000101010001010100010000033235
010000668600000051322510573914578413360319    36512312025000010000.00000101010001010100010000033235
010000668600000051322510581927068669567029    36512312025000010000.00000101010001010100010000033235
010000668600000051322510595869088191066488    36512312025000010000.00000101010001010100010000033235
010000668600000051322510602113549333616044    36512312025000010000.00000101010001010100010000033235
010000668600000051322510611819815399526854    36512312025000010000.00000101010001010100010000033235
010000668600000051322510621312557711071286    36512312025000010000.00000101010001010100010000033235
010000668600000051322510631321054110844289    36512312025000010000.00000101010001010100010000033235
010000668600000051322510642009192845245010    36512312025000010000.00000101010001010100010000033235
010000668600000051322510652973194042765138    36512312025000010000.00000101010001010100010000033235
010000668600000051322510663737320840422081    36512312025000010000.00000101010001010100010000033235
010000668600000051322510672634288415995698    36512312025000010000.00000101010001010100010000033235
010000668600000051322510687245356464958035    36512312025000010000.00000101010001010100010000033235
010000668600000051322510691350638329294048    36512312025000010000.00000101010001010100010000033235
010000668600000051322510704340132263023245    36512312025000010000.00000101010001010100010000033235
010000668600000051322510713986343919905195    36512312025000010000.00000101010001010100010000033235
010000668600000051322510727883422528059052    36512312025000010000.00000101010001010100010000033235
010000668600000051322510732727420196081350    36512312025000010000.00000101010001010100010000033235
010000668600000051322510746457052360612021    36512312025000010000.00000101010001010100010000033235
010000668600000051322510756851835796995219    36512312025000010000.00000101010001010100010000033235
010000668600000051322510761477051629228484    36512312025000010000.00000101010001010100010000033235
010000668600000051322510771377117160382648    36512312025000010000.00000101010001010100010000033235
010000668600000051322510781222414972062997    36512312025000010000.00000101010001010100010000033235
010000668600000051322510792805323154803047    36512312025000010000.00000101010001010100010000033235
010000668600000051322510804965056042800047    36512312025000010000.00000101010001010100010000033235
010000668600000051322510818100039133888096    36512312025000010000.00000101010001010100010000033235
010000668600000051322510823547308018744350    36512312025000010000.00000101010001010100010000033235
010000668600000051322510837789463153899065    36512312025000010000.00000101010001010100010000033235
010000668600000051322510841280405208065926    36512312025000010000.00000101010001010100010000033235
010000668600000051322510855139497609650871    36512312025000010000.00000101010001010100010000033235
010000668600000051322510863002798112932929    36512312025000010000.00000101010001010100010000033235
010000668600000051322510876789700563728440    36512312025000010000.00000101010001010100010000033235
010000668600000051322510881170127301624805    36512312025000010000.00000101010001010100010000033235
010000668600000051322510891845056487233778    36512312025000010000.00000101010001010100010000033235
010000668600000051322510901855742832953031    36512312025000010000.00000101010001010100010000033235
010000668600000051322510911240218243586306    36512312025000010000.00000101010001010100010000033235
010000668600000051322510921081305145247769    36512312025000010000.00000101010001010100010000033235
010000668600000051322510931427305086270003    36512312025000010000.00000101010001010100010000033235
010000668600000051322510945276985293806921    36512312025000010000.00000101010001010100010000033235
010000668600000051322510951739209921824960    36512312025000010000.00000101010001010100010000033235
010000668600000051322510961818165385622962    36512312025000010000.00000101010001010100010000033235
010000668600000051322510973960714309008177    36512312025000010000.00000101010001010100010000033235
010000668600000051322510982195460506910040    36512312025000010000.00000101010001010100010000033235
010000668600000051322510991184236255291764    36512312025000010000.00000101010001010100010000033235
010000668600000051322511001226857809901562    36512312025000010000.00000101010001010100010000033235
010000668600000051322511013353705060920064    36512312025000010000.00000101010001010100010000033235
010000668600000051322511029497955234917711    36512312025000010000.00000101010001010100010000033235
010000668600000051322511039222827457009080    36512312025000010000.00000101010001010100010000033235
010000668600000051322511043494009199402834    36512312025000010000.00000101010001010100010000033235
010000668600000051322511051571275596211196    36512312025000010000.00000101010001010100010000033235
010000668600000051322511062605949364480041    36512312025000010000.00000101010001010100010000033235
010000668600000051322511075744109954206960    36512312025000010000.00000101010001010100010000033235
010000668600000051322511085081232789894395    36512312025000010000.00000101010001010100010000033235
010000668600000051322511093024122121018928    36512312025000010000.00000101010001010100010000033235
010000668600000051322511107443559192650472    36512312025000010000.00000101010001010100010000033235
010000668600000051322511111989993682214091    36512312025000010000.00000101010001010100010000033235
010000668600000051322511121158337007385764    36512312025000010000.00000101010001010100010000033235
010000668600000051322511137434574890163263    36512312025000010000.00000101010001010100010000033235
010000668600000051322511141673662504369246    36512312025000010000.00000101010001010100010000033235
010000668600000051322511155026812656943014    36512312025000010000.00000101010001010100010000033235
010000668600000051322511167666284493252728    36512312025000010000.00000101010001010100010000033235
010000668600000051322511171510577104746367    36512312025000010000.00000101010001010100010000033235
010000668600000051322511183147952021951850    36512312025000010000.00000101010001010100010000033235
010000668600000051322511191875837524314326    36512312025000010000.00000101010001010100010000033235
010000668600000051322511201089199723820675    36512312025000010000.00000101010001010100010000033235
010000668600000051322511211647588194523297    36512312025000010000.00000101010001010100010000033235
010000668600000051322511221139882631398045    36512312025000010000.00000101010001010100010000033235
010000668600000051322511234865179627176062    36512312025000010000.00000101010001010100010000033235
010000668600000051322511244571065583310620    36512312025000010000.00000101010001010100010000033235
010000668600000051322511253595023879796839    36512312025000010000.00000101010001010100010000033235
010000668600000051322511269062932314276044    36512312025000010000.00000101010001010100010000033235
010000668600000051322511272136068516725865    36512312025000010000.00000101010001010100010000033235
010000668600000051322511281193977620375753    36512312025000010000.00000101010001010100010000033235
010000668600000051322511297013352462573996    36512312025000010000.00000101010001010100010000033235
010000668600000051322511307951386619451873    36512312025000010000.00000101010001010100010000033235
010000668600000051322511316937449151719215    36512312025000010000.00000101010001010100010000033235
010000668600000051322511321095954721810920    36512312025000010000.00000101010001010100010000033235
010000668600000051322511338371268939919088    36512312025000010000.00000101010001010100010000033235
010000668600000051322511346713914191017657    36512312025000010000.00000101010001010100010000033235
010000668600000051322511352529301986846080    36512312025000010000.00000101010001010100010000033235
010000668600000051322511367929357614894786    36512312025000010000.00000101010001010100010000033235
010000668600000051322511371991668286175309    36512312025000010000.00000101010001010100010000033235
010000668600000051322511382314046441844025    36512312025000010000.00000101010001010100010000033235
010000668600000051322511391308716145574204    36512312025000010000.00000101010001010100010000033235
010000668600000051322511402315520872771725    36512312025000010000.00000101010001010100010000033235
010000668600000051322511411125050981513803    36512312025000010000.00000101010001010100010000033235
010000668600000051322511421638914701593633    36512312025000010000.00000101010001010100010000033235
010000668600000051322511433276206911809516    36512312025000010000.00000101010001010100010000033235
010000668600000051322511449351632088735676    36512312025000010000.00000101010001010100010000033235
010000668600000051322511454616292877650656    36512312025000010000.00000101010001010100010000033235
010000668600000051322511461086732844873668    36512312025000010000.00000101010001010100010000033235
010000668600000051322511477947794764987726    36512312025000010000.00000101010001010100010000033235
010000668600000051322511485162711401068072    36512312025000010000.00000101010001010100010000033235
010000668600000051322511491696207466433267    36512312025000010000.00000101010001010100010000033235
010000668600000051322511503251058549350433    36512312025000010000.00000101010001010100010000033235
010000668600000051322511518306994395864561    36512312025000010000.00000101010001010100010000033235
010000668600000051322511525496349505973091    36512312025000010000.00000101010001010100010000033235
010000668600000051322511533272383527620422    36512312025000010000.00000101010001010100010000033235
010000668600000051322511548201140361043327    36512312025000010000.00000101010001010100010000033235
010000668600000051322511556308563574292855    36512312025000010000.00000101010001010100010000033235
010000668600000051322511569007750373543042    36512312025000010000.00000101010001010100010000033235
010000668600000051322511571780967821846480    36512312025000010000.00000101010001010100010000033235
010000668600000051322511581372933993488965    36512312025000010000.00000101010001010100010000033235
010000668600000051322511595611842915687687    36512312025000010000.00000101010001010100010000033235
010000668600000051322511601328830163506089    36512312025000010000.00000101010001010100010000033235
010000668600000051322511619383052873177588    36512312025000010000.00000101010001010100010000033235
010000668600000051322511629846465282614892    36512312025000010000.00000101010001010100010000033235
010000668600000051322511638603852496302251    36512312025000010000.00000101010001010100010000033235
010000668600000051322511642975796639858205    36512312025000010000.00000101010001010100010000033235
010000668600000051322511658835902400514637    36512312025000010000.00000101010001010100010000033235
010000668600000051322511668799615876352765    36512312025000010000.00000101010001010100010000033235
010000668600000051322511671212557602094643    36512312025000010000.00000101010001010100010000033235
010000668600000051322511684657395477916857    36512312025000010000.00000101010001010100010000033235
010000668600000051322511691541156385875047    36512312025000010000.00000101010001010100010000033235
010000668600000051322511701377399955527845    36512312025000010000.00000101010001010100010000033235