010003233600000051322505221599793619309347    36512312025000002000.00000101010001010100010000006668
010003233600000051322505231062822389681137    36512312025000002000.00000101010001010100010000006668
010003233600000051322505241107861078405406    36512312025000002000.00000101010001010100010000006668
010003233600000051322505254573440702097460    36512312025000002000.00000101010001010100010000006668
010003233600000051322505264788564191488848    36512312025000002000.00000101010001010100010000006668
010003233600000051322505275728847599080443    36512312025000002000.00000101010001010100010000006668
010003233600000051322505285031020965425032    36512312025000002000.00000101010001010100010000006668
010003233600000051322505297825563659832040    36512312025000002000.00000101010001010100010000006668
010003233600000051322505308862734360321445    36512312025000002000.00000101010001010100010000006668
010003233600000051322505315063976051850871    36512312025000002000.00000101010001010100010000006668
010003233600000051322505321459830496212084    36512312025000002000.00000101010001010100010000006668
010003233600000051322505331774215951101181    36512312025000002000.00000101010001010100010000006668
010003233600000051322505347869176918134258    36512312025000002000.00000101010001010100010000006668
010003233600000051322505351143114983101442    36512312025000002000.00000101010001010100010000006668
010003233600000051322505361487067475935642    36512312025000002000.00000101010001010100010000006668
010003233600000051322505371990674991236949    36512312025000002000.00000101010001010100010000006668
010003233600000051322505383126715658658622    36512312025000002000.00000101010001010100010000006668
010003233600000051322505397056531572827072    36512312025000002000.00000101010001010100010000006668
010003233600000051322505409712954822714559    36512312025000002000.00000101010001010100010000006668
010003233600000051322505411145804000463007    36512312025000002000.00000101010001010100010000006668
010003233600000051322505425722152191743259    36512312025000002000.00000101010001010100010000006668
010003233600000051322505438667318947258461    36512312025000002000.00000101010001010100010000006668
010003233600000051322505448694765972416024    36512312025000002000.00000101010001010100010000006668
010003233600000051322505459520492608875881    36512312025000002000.00000101010001010100010000006668
010003233600000051322505461259398143976441    36512312025000002000.00000101010001010100010000006668
010003233600000051322505474009913690490863    36512312025000002000.00000101010001010100010000006668
010003233600000051322505485079395473612482    36512312025000002000.00000101010001010100010000006668
010003233600000051322505491172312627292965    36512312025000002000.00000101010001010100010000006668
010003233600000051322505501067774624991234    36512312025000002000.00000101010001010100010000006668
010003233600000051322505515731168186004887    36512312025000002000.00000101010001010100010000006668
010003233600000051322505523754004541603533    36512312025000002000.00000101010001010100010000006668
010003233600000051322505531071380548375207    36512312025000002000.00000101010001010100010000006668
010003233600000051322505543085963073778483    36512312025000002000.00000101010001010100010000006668
010003233600000051322505554412704535100018    36512312025000002000.00000101010001010100010000006668
010003233600000051322505568828572878880874    36512312025000002000.00000101010001010100010000006668
010003233600000051322505573554850314728022    36512312025000002000.00000101010001010100010000006668
010003233600000051322505583795093715374061    36512312025000002000.00000101010001010100010000006668
010003233600000051322505592121370561912668    36512312025000002000.00000101010001010100010000006668
010003233600000051322505601662113328135001    36512312025000002000.00000101010001010100010000006668
010003233600000051322505611409200629051453    36512312025000002000.00000101010001010100010000006668
010003233600000051322505621416503933124802    36512312025000002000.00000101010001010100010000006668
010003233600000051322505631100931436533356    36512312025000002000.00000101010001010100010000006668
010003233600000051322505641307201007260356    36512312025000002000.00000101010001010100010000006668
010003233600000051322505659574366903125490    36512312025000002000.00000101010001010100010000006668
010003233600000051322505662795889646385654    36512312025000002000.00000101010001010100010000006668
010003233600000051322505671992740545584952    36512312025000002000.00000101010001010100010000006668
010003233600000051322505681192512357902259    36512312025000002000.00000101010001010100010000006668
010003233600000051322505691931737923864579    36512312025000002000.00000101010001010100010000006668
010003233600000051322505701583263298298729    36512312025000002000.00000101010001010100010000006668
010003233600000051322505713286460096706043    36512312025000002000.00000101010001010100010000006668
010003233600000051322505729575980367052972    36512312025000002000.00000101010001010100010000006668
010003233600000051322505731343849954060717    36512312025000002000.00000101010001010100010000006668
010003233600000051322505741008182582084408    36512312025000002000.00000101010001010100010000006668
010003233600000051322505759695810428283034    36512312025000002000.00000101010001010100010000006668
010003233600000051322505765140590794924861    36512312025000002000.00000101010001010100010000006668
010003233600000051322505771908046159400706    36512312025000002000.00000101010001010100010000006668
010003233600000051322505783599386152417066    36512312025000002000.00000101010001010100010000006668
010003233600000051322505799840900744315210    36512312025000002000.00000101010001010100010000006668
010003233600000051322505808411210635358079    36512312025000002000.00000101010001010100010000006668
010003233600000051322505811102763888276695    36512312025000002000.00000101010001010100010000006668
010003233600000051322505826681698856442030    36512312025000002000.00000101010001010100010000006668
010003233600000051322505831094274383763620    36512312025000002000.00000101010001010100010000006668
010003233600000051322505842261483309307453    36512312025000002000.00000101010001010100010000006668
010003233600000051322505855131172746424093    36512312025000002000.00000101010001010100010000006668
010003233600000051322505864521847754605352    36512312025000002000.00000101010001010100010000006668
010003233600000051322505872264490910008036    36512312025000002000.00000101010001010100010000006668
010003233600000051322505882394761799270478    36512312025000002000.00000101010001010100010000006668
010003233600000051322505898564746996281042    36512312025000002000.00000101010001010100010000006668
010003233600000051322505901750873750324529    36512312025000002000.00000101010001010100010000006668
010003233600000051322505914867061308309636    36512312025000002000.00000101010001010100010000006668
010003233600000051322505927267464361661777    36512312025000002000.00000101010001010100010000006668
010003233600000051322505933210704301138458    36512312025000002000.00000101010001010100010000006668
010003233600000051322505943666358847137523    36512312025000002000.00000101010001010100010000006668
010003233600000051322505951556570903313604    36512312025000002000.00000101010001010100010000006668
010003233600000051322505965929464851439795    36512312025000002000.00000101010001010100010000006668
010003233600000051322505976851310274854357    36512312025000002000.00000101010001010100010000006668
010003233600000051322505982813748040643691    36512312025000002000.00000101010001010100010000006668
010003233600000051322505999035174780058012    36512312025000002000.00000101010001010100010000006668
010003233600000051322506006802806375149689    36512312025000002000.00000101010001010100010000006668
010003233600000051322506017157126272680509    36512312025000002000.00000101010001010100010000006668
010003233600000051322506021047399640506966    36512312025000002000.00000101010001010100010000006668
010003233600000051322506031715143553260890    36512312025000002000.00000101010001010100010000006668
010003233600000051322506041612773390034374    36512312025000002000.00000101010001010100010000006668
010003233600000051322506055566231365142032    36512312025000002000.00000101010001010100010000006668
010003233600000051322506067397538246621623    36512312025000002000.00000101010001010100010000006668
010003233600000051322506073650619225201611    36512312025000002000.00000101010001010100010000006668
010003233600000051322506083122204206867246    36512312025000002000.00000101010001010100010000006668
010003233600000051322506099453963775292165    36512312025000002000.00000101010001010100010000006668
010003233600000051322506106923053801037635    36512312025000002000.00000101010001010100010000006668
010003233600000051322506113354560244226882    36512312025000002000.00000101010001010100010000006668
010003233600000051322506122037514509292507    36512312025000002000.00000101010001010100010000006668
010003233600000051322506131179374740787162    36512312025000002000.00000101010001010100010000006668
010003233600000051322506142054383037600017    36512312025000002000.00000101010001010100010000006668
010003233600000051322506157978557114238291    36512312025000002000.00000101010001010100010000006668
010003233600000051322506161687347573230401    36512312025000002000.00000101010001010100010000006668
010003233600000051322506178567370005448076    36512312025000002000.00000101010001010100010000006668
010003233600000051322506186032420803339667    36512312025000002000.00000101010001010100010000006668
010003233600000051322506196116654144993413    36512312025000002000.00000101010001010100010000006668
010003233600000051322506201140141491135196    36512312025000002000.00000101010001010100010000006668
010003233600000051322506219336950866950063    36512312025000002000.00000101010001010100010000006668
010003233600000051322506226280506387332180    36512312025000002000.00000101010001010100010000006668
010003233600000051322506231048490931048082    36512312025000002000.00000101010001010100010000006668
010003233600000051322506245400421923947074    36512312025000002000.00000101010001010100010000006668
010003233600000051322506255473060124532324    36512312025000002000.00000101010001010100010000006668
010003233600000051322506261116589093691405    36512312025000002000.00000101010001010100010000006668
010003233600000051322506271435865758775198    36512312025000002000.00000101010001010100010000006668
010003233600000051322506289798884491459072    36512312025000002000.00000101010001010100010000006668
010003233600000051322506291991856235484311    36512312025000002000.00000101010001010100010000006668
010003233600000051322506303676709289318664    36512312025000002000.00000101010001010100010000006668
010003233600000051322506311344390802684888    36512312025000002000.00000101010001010100010000006668
010003233600000051322506328868872806554086    36512312025000002000.00000101010001010100010000006668
010003233600000051322506338771574042337223    36512312025000002000.00000101010001010100010000006668
010003233600000051322506343915302167553018    36512312025000002000.00000101010001010100010000006668
010003233600000051322506351127282032550535    36512312025000002000.00000101010001010100010000006668
010003233600000051322506365647734324074738    36512312025000002000.00000101010001010100010000006668
010003233600000051322506377010245188646065    36512312025000002000.00000101010001010100010000006668
010003233600000051322506381445655430079584    36512312025000002000.00000101010001010100010000006668
010003233600000051322506394893531984277633    36512312025000002000.00000101010001010100010000006668
010003233600000051322506401760868344110771    36512312025000002000.00000101010001010100010000006668
010003233600000051322506417740677706418818    36512312025000002000.00000101010001010100010000006668
010003233600000051322506421079901036487238    36512312025000002000.00000101010001010100010000006668
010003233600000051322506433640949049489095    36512312025000002000.00000101010001010100010000006668
010003233600000051322506441548403546751629    36512312025000002000.00000101010001010100010000006668
010003233600000051322506451190843276644988    36512312025000002000.00000101010001010100010000006668
010003233600000051322506467101506554197382    36512312025000002000.00000101010001010100010000006668
010003233600000051322506473499259533875463    36512312025000002000.00000101010001010100010000006668
010003233600000051322506482991326066810465    36512312025000002000.00000101010001010100010000006668
010003233600000051322506491688059847080587    36512312025000002000.00000101010001010100010000006668
010003233600000051322506509415022265582312    36512312025000002000.00000101010001010100010000006668
010003233600000051322506511797328790541250    36512312025000002000.00000101010001010100010000006668010000668200000051322505211001436378067446    36512312025000010000.00000101010001010100010000033235
010000668200000051322505221599793619309347    36512312025000010000.00000101010001010100010000033235
010000668200000051322505231062822389681137    36512312025000010000.00000101010001010100010000033235
010000668200000051322505241107861078405406    36512312025000010000.00000101010001010100010000033235
010000668200000051322505254573440702097460    36512312025000010000.00000101010001010100010000033235
010000668200000051322505264788564191488848    36512312025000010000.00000101010001010100010000033235
010000668200000051322505275728847599080443    36512312025000010000.00000101010001010100010000033235
010000668200000051322505285031020965425032    36512312025000010000.00000101010001010100010000033235
010000668200000051322505297825563659832040    36512312025000010000.00000101010001010100010000033235
010000668200000051322505308862734360321445    36512312025000010000.00000101010001010100010000033235
010000668200000051322505315063976051850871    36512312025000010000.00000101010001010100010000033235
010000668200000051322505321459830496212084    36512312025000010000.00000101010001010100010000033235
010000668200000051322505331774215951101181    36512312025000010000.00000101010001010100010000033235
010000668200000051322505347869176918134258    36512312025000010000.00000101010001010100010000033235
010000668200000051322505351143114983101442    36512312025000010000.00000101010001010100010000033235
010000668200000051322505361487067475935642    36512312025000010000.00000101010001010100010000033235
010000668200000051322505371990674991236949    36512312025000010000.00000101010001010100010000033235
010000668200000051322505383126715658658622    36512312025000010000.00000101010001010100010000033235
010000668200000051322505397056531572827072    36512312025000010000.00000101010001010100010000033235
010000668200000051322505409712954822714559    36512312025000010000.00000101010001010100010000033235
010000668200000051322505411145804000463007    36512312025000010000.00000101010001010100010000033235
010000668200000051322505425722152191743259    36512312025000010000.00000101010001010100010000033235
010000668200000051322505438667318947258461    36512312025000010000.00000101010001010100010000033235
010000668200000051322505448694765972416024    36512312025000010000.00000101010001010100010000033235
010000668200000051322505459520492608875881    36512312025000010000.00000101010001010100010000033235
010000668200000051322505461259398143976441    36512312025000010000.00000101010001010100010000033235
010000668200000051322505474009913690490863    36512312025000010000.00000101010001010100010000033235
010000668200000051322505485079395473612482    36512312025000010000.00000101010001010100010000033235
010000668200000051322505491172312627292965    36512312025000010000.00000101010001010100010000033235
010000668200000051322505501067774624991234    36512312025000010000.00000101010001010100010000033235
010000668200000051322505515731168186004887    36512312025000010000.00000101010001010100010000033235
010000668200000051322505523754004541603533    36512312025000010000.00000101010001010100010000033235
010000668200000051322505531071380548375207    36512312025000010000.00000101010001010100010000033235
010000668200000051322505543085963073778483    36512312025000010000.00000101010001010100010000033235
010000668200000051322505554412704535100018    36512312025000010000.00000101010001010100010000033235
010000668200000051322505568828572878880874    36512312025000010000.00000101010001010100010000033235
010000668200000051322505573554850314728022    36512312025000010000.00000101010001010100010000033235
010000668200000051322505583795093715374061    36512312025000010000.00000101010001010100010000033235
010000668200000051322505592121370561912668    36512312025000010000.00000101010001010100010000033235
010000668200000051322505601662113328135001    36512312025000010000.00000101010001010100010000033235
010000668200000051322505611409200629051453    36512312025000010000.00000101010001010100010000033235
010000668200000051322505621416503933124802    36512312025000010000.00000101010001010100010000033235
010000668200000051322505631100931436533356    36512312025000010000.00000101010001010100010000033235
010000668200000051322505641307201007260356    36512312025000010000.00000101010001010100010000033235
010000668200000051322505659574366903125490    36512312025000010000.00000101010001010100010000033235
010000668200000051322505662795889646385654    36512312025000010000.00000101010001010100010000033235
010000668200000051322505671992740545584952    36512312025000010000.00000101010001010100010000033235
010000668200000051322505681192512357902259    36512312025000010000.00000101010001010100010000033235
010000668200000051322505691931737923864579    36512312025000010000.00000101010001010100010000033235
010000668200000051322505701583263298298729    36512312025000010000.00000101010001010100010000033235
010000668200000051322505713286460096706043    36512312025000010000.00000101010001010100010000033235
010000668200000051322505729575980367052972    36512312025000010000.00000101010001010100010000033235
010000668200000051322505731343849954060717    36512312025000010000.00000101010001010100010000033235
010000668200000051322505741008182582084408    36512312025000010000.00000101010001010100010000033235
010000668200000051322505759695810428283034    36512312025000010000.00000101010001010100010000033235
010000668200000051322505765140590794924861    36512312025000010000.00000101010001010100010000033235
010000668200000051322505771908046159400706    36512312025000010000.00000101010001010100010000033235
010000668200000051322505783599386152417066    36512312025000010000.00000101010001010100010000033235
010000668200000051322505799840900744315210    36512312025000010000.00000101010001010100010000033235
010000668200000051322505808411210635358079    36512312025000010000.00000101010001010100010000033235
010000668200000051322505811102763888276695    36512312025000010000.00000101010001010100010000033235
010000668200000051322505826681698856442030    36512312025000010000.00000101010001010100010000033235
010000668200000051322505831094274383763620    36512312025000010000.00000101010001010100010000033235
010000668200000051322505842261483309307453    36512312025000010000.00000101010001010100010000033235
010000668200000051322505855131172746424093    36512312025000010000.00000101010001010100010000033235
010000668200000051322505864521847754605352    36512312025000010000.00000101010001010100010000033235
010000668200000051322505872264490910008036    36512312025000010000.00000101010001010100010000033235
010000668200000051322505882394761799270478    36512312025000010000.00000101010001010100010000033235
010000668200000051322505898564746996281042    36512312025000010000.00000101010001010100010000033235
010000668200000051322505901750873750324529    36512312025000010000.00000101010001010100010000033235
010000668200000051322505914867061308309636    36512312025000010000.00000101010001010100010000033235
010000668200000051322505927267464361661777    36512312025000010000.00000101010001010100010000033235
010000668200000051322505933210704301138458    36512312025000010000.00000101010001010100010000033235
010000668200000051322505943666358847137523    36512312025000010000.00000101010001010100010000033235
010000668200000051322505951556570903313604    36512312025000010000.00000101010001010100010000033235
010000668200000051322505965929464851439795    36512312025000010000.00000101010001010100010000033235
010000668200000051322505976851310274854357    36512312025000010000.00000101010001010100010000033235
010000668200000051322505982813748040643691    36512312025000010000.00000101010001010100010000033235
010000668200000051322505999035174780058012    36512312025000010000.00000101010001010100010000033235
010000668200000051322506006802806375149689    36512312025000010000.00000101010001010100010000033235
010000668200000051322506017157126272680509    36512312025000010000.00000101010001010100010000033235
010000668200000051322506021047399640506966    36512312025000010000.00000101010001010100010000033235
010000668200000051322506031715143553260890    36512312025000010000.00000101010001010100010000033235
010000668200000051322506041612773390034374    36512312025000010000.00000101010001010100010000033235
010000668200000051322506055566231365142032    36512312025000010000.00000101010001010100010000033235
010000668200000051322506067397538246621623    36512312025000010000.00000101010001010100010000033235
010000668200000051322506073650619225201611    36512312025000010000.00000101010001010100010000033235
010000668200000051322506083122204206867246    36512312025000010000.00000101010001010100010000033235
010000668200000051322506099453963775292165    36512312025000010000.00000101010001010100010000033235
010000668200000051322506106923053801037635    36512312025000010000.00000101010001010100010000033235
010000668200000051322506113354560244226882    36512312025000010000.00000101010001010100010000033235
010000668200000051322506122037514509292507    36512312025000010000.00000101010001010100010000033235
010000668200000051322506131179374740787162    36512312025000010000.00000101010001010100010000033235
010000668200000051322506142054383037600017    36512312025000010000.00000101010001010100010000033235
010000668200000051322506157978557114238291    36512312025000010000.00000101010001010100010000033235
010000668200000051322506161687347573230401    36512312025000010000.00000101010001010100010000033235
010000668200000051322506178567370005448076    36512312025000010000.00000101010001010100010000033235
010000668200000051322506186032420803339667    36512312025000010000.00000101010001010100010000033235
010000668200000051322506196116654144993413    36512312025000010000.00000101010001010100010000033235
010000668200000051322506201140141491135196    36512312025000010000.00000101010001010100010000033235
010000668200000051322506219336950866950063    36512312025000010000.00000101010001010100010000033235
010000668200000051322506226280506387332180    36512312025000010000.00000101010001010100010000033235
010000668200000051322506231048490931048082    36512312025000010000.00000101010001010100010000033235
010000668200000051322506245400421923947074    36512312025000010000.00000101010001010100010000033235
010000668200000051322506255473060124532324    36512312025000010000.00000101010001010100010000033235
010000668200000051322506261116589093691405    36512312025000010000.00000101010001010100010000033235
010000668200000051322506271435865758775198    36512312025000010000.00000101010001010100010000033235
010000668200000051322506289798884491459072    36512312025000010000.00000101010001010100010000033235
010000668200000051322506291991856235484311    36512312025000010000.00000101010001010100010000033235
010000668200000051322506303676709289318664    36512312025000010000.00000101010001010100010000033235
010000668200000051322506311344390802684888    36512312025000010000.00000101010001010100010000033235
010000668200000051322506328868872806554086    36512312025000010000.00000101010001010100010000033235
010000668200000051322506338771574042337223    36512312025000010000.00000101010001010100010000033235
010000668200000051322506343915302167553018    36512312025000010000.00000101010001010100010000033235
010000668200000051322506351127282032550535    36512312025000010000.00000101010001010100010000033235
010000668200000051322506365647734324074738    36512312025000010000.00000101010001010100010000033235
010000668200000051322506377010245188646065    36512312025000010000.00000101010001010100010000033235
010000668200000051322506381445655430079584    36512312025000010000.00000101010001010100010000033235
010000668200000051322506394893531984277633    36512312025000010000.00000101010001010100010000033235
010000668200000051322506401760868344110771    36512312025000010000.00000101010001010100010000033235
010000668200000051322506417740677706418818    36512312025000010000.00000101010001010100010000033235
010000668200000051322506421079901036487238    36512312025000010000.00000101010001010100010000033235
010000668200000051322506433640949049489095    36512312025000010000.00000101010001010100010000033235
010000668200000051322506441548403546751629    36512312025000010000.00000101010001010100010000033235
010000668200000051322506451190843276644988    36512312025000010000.00000101010001010100010000033235
010000668200000051322506467101506554197382    36512312025000010000.00000101010001010100010000033235
010000668200000051322506473499259533875463    36512312025000010000.00000101010001010100010000033235
010000668200000051322506482991326066810465    36512312025000010000.00000101010001010100010000033235
010000668200000051322506491688059847080587    36512312025000010000.00000101010001010100010000033235
010000668200000051322506509415022265582312    36512312025000010000.00000101010001010100010000033235