010003233800000051322507822080331492909259    36512312025000002000.00000101010001010100010000006668
010003233800000051322507832217723754214408    36512312025000002000.00000101010001010100010000006668
010003233800000051322507849346444435695154    36512312025000002000.00000101010001010100010000006668
010003233800000051322507851136393765921354    36512312025000002000.00000101010001010100010000006668
010003233800000051322507864023186580160027    36512312025000002000.00000101010001010100010000006668
010003233800000051322507873028691796098353    36512312025000002000.00000101010001010100010000006668
010003233800000051322507884824118345250053    36512312025000002000.00000101010001010100010000006668
010003233800000051322507891895030127890599    36512312025000002000.00000101010001010100010000006668
010003233800000051322507903907275855505247    36512312025000002000.00000101010001010100010000006668
010003233800000051322507916195314180140253    36512312025000002000.00000101010001010100010000006668
010003233800000051322507923103563559980784    36512312025000002000.00000101010001010100010000006668
010003233800000051322507931214873617119308    36512312025000002000.00000101010001010100010000006668
010003233800000051322507946772690449036010    36512312025000002000.00000101010001010100010000006668
010003233800000051322507952368647449335271    36512312025000002000.00000101010001010100010000006668
010003233800000051322507965515661324250281    36512312025000002000.00000101010001010100010000006668
010003233800000051322507971267542585300082    36512312025000002000.00000101010001010100010000006668
010003233800000051322507982326854689886699    36512312025000002000.00000101010001010100010000006668
010003233800000051322507997051221243516628    36512312025000002000.00000101010001010100010000006668
010003233800000051322508008317147172805713    36512312025000002000.00000101010001010100010000006668
010003233800000051322508011915822869598484    36512312025000002000.00000101010001010100010000006668
010003233800000051322508027591694738985247    36512312025000002000.00000101010001010100010000006668
010003233800000051322508035170937685358928    36512312025000002000.00000101010001010100010000006668
010003233800000051322508041007453498723328    36512312025000002000.00000101010001010100010000006668
010003233800000051322508051396529482361135    36512312025000002000.00000101010001010100010000006668
010003233800000051322508061674659837942131    36512312025000002000.00000101010001010100010000006668
010003233800000051322508079348228070385449    36512312025000002000.00000101010001010100010000006668
010003233800000051322508081020209539031931    36512312025000002000.00000101010001010100010000006668
010003233800000051322508091595882680020724    36512312025000002000.00000101010001010100010000006668
010003233800000051322508106750186513235834    36512312025000002000.00000101010001010100010000006668
010003233800000051322508111303471610386966    36512312025000002000.00000101010001010100010000006668
010003233800000051322508124369739892854497    36512312025000002000.00000101010001010100010000006668
010003233800000051322508139310519370114449    36512312025000002000.00000101010001010100010000006668
010003233800000051322508142958006638643861    36512312025000002000.00000101010001010100010000006668
010003233800000051322508154245479488420494    36512312025000002000.00000101010001010100010000006668
010003233800000051322508162409883774581592    36512312025000002000.00000101010001010100010000006668
010003233800000051322508178501106582792612    36512312025000002000.00000101010001010100010000006668
010003233800000051322508181567576692859322    36512312025000002000.00000101010001010100010000006668
010003233800000051322508191142951336155208    36512312025000002000.00000101010001010100010000006668
010003233800000051322508206860307006770764    36512312025000002000.00000101010001010100010000006668
010003233800000051322508211623704450804676    36512312025000002000.00000101010001010100010000006668
010003233800000051322508222187998834164562    36512312025000002000.00000101010001010100010000006668
010003233800000051322508235637234253506924    36512312025000002000.00000101010001010100010000006668
010003233800000051322508241159053606368071    36512312025000002000.00000101010001010100010000006668
010003233800000051322508251818975631854088    36512312025000002000.00000101010001010100010000006668
010003233800000051322508262530212824821164    36512312025000002000.00000101010001010100010000006668
010003233800000051322508276194655226986842    36512312025000002000.00000101010001010100010000006668
010003233800000051322508285793342565808519    36512312025000002000.00000101010001010100010000006668
010003233800000051322508291809130352883759    36512312025000002000.00000101010001010100010000006668
010003233800000051322508309354360170466035    36512312025000002000.00000101010001010100010000006668
010003233800000051322508311301243532888713    36512312025000002000.00000101010001010100010000006668
010003233800000051322508321611191976086008    36512312025000002000.00000101010001010100010000006668
010003233800000051322508333536150299910115    36512312025000002000.00000101010001010100010000006668
010003233800000051322508341907002170843752    36512312025000002000.00000101010001010100010000006668
010003233800000051322508357809933765022877    36512312025000002000.00000101010001010100010000006668
010003233800000051322508361867270010424329    36512312025000002000.00000101010001010100010000006668
010003233800000051322508371258409333107506    36512312025000002000.00000101010001010100010000006668
010003233800000051322508384326833953094492    36512312025000002000.00000101010001010100010000006668
010003233800000051322508392846899847068286    36512312025000002000.00000101010001010100010000006668
010003233800000051322508406280622784106088    36512312025000002000.00000101010001010100010000006668
010003233800000051322508411128990359335047    36512312025000002000.00000101010001010100010000006668
010003233800000051322508429572263032897617    36512312025000002000.00000101010001010100010000006668
010003233800000051322508436601175220908823    36512312025000002000.00000101010001010100010000006668
010003233800000051322508449602392242803246    36512312025000002000.00000101010001010100010000006668
010003233800000051322508451371003818182766    36512312025000002000.00000101010001010100010000006668
010003233800000051322508469775398792411634    36512312025000002000.00000101010001010100010000006668
010003233800000051322508473444059193624019    36512312025000002000.00000101010001010100010000006668
010003233800000051322508481411632464997007    36512312025000002000.00000101010001010100010000006668
010003233800000051322508491618310197361645    36512312025000002000.00000101010001010100010000006668
010003233800000051322508505347412104084840    36512312025000002000.00000101010001010100010000006668
010003233800000051322508518024871644055875    36512312025000002000.00000101010001010100010000006668
010003233800000051322508521682179439701289    36512312025000002000.00000101010001010100010000006668
010003233800000051322508531206846101251299    36512312025000002000.00000101010001010100010000006668
010003233800000051322508542463727548485806    36512312025000002000.00000101010001010100010000006668
010003233800000051322508556511429057743216    36512312025000002000.00000101010001010100010000006668
010003233800000051322508562532303639927017    36512312025000002000.00000101010001010100010000006668
010003233800000051322508572388277267645223    36512312025000002000.00000101010001010100010000006668
010003233800000051322508581107519601873601    36512312025000002000.00000101010001010100010000006668
010003233800000051322508599834087185475680    36512312025000002000.00000101010001010100010000006668
010003233800000051322508601734924165633528    36512312025000002000.00000101010001010100010000006668
010003233800000051322508611378680187900246    36512312025000002000.00000101010001010100010000006668
010003233800000051322508625323757012498179    36512312025000002000.00000101010001010100010000006668
010003233800000051322508635355312581775085    36512312025000002000.00000101010001010100010000006668
010003233800000051322508649002703326997929    36512312025000002000.00000101010001010100010000006668
010003233800000051322508652733998900200055    36512312025000002000.00000101010001010100010000006668
010003233800000051322508668331397096584494    36512312025000002000.00000101010001010100010000006668
010003233800000051322508671464939007265205    36512312025000002000.00000101010001010100010000006668
010003233800000051322508686245096350260585    36512312025000002000.00000101010001010100010000006668
010003233800000051322508691205713845708568    36512312025000002000.00000101010001010100010000006668
010003233800000051322508703065190624090062    36512312025000002000.00000101010001010100010000006668
010003233800000051322508715932386941676879    36512312025000002000.00000101010001010100010000006668
010003233800000051322508725777157163542955    36512312025000002000.00000101010001010100010000006668
010003233800000051322508732527835894729555    36512312025000002000.00000101010001010100010000006668
010003233800000051322508749168010675463569    36512312025000002000.00000101010001010100010000006668
010003233800000051322508754723986846232554    36512312025000002000.00000101010001010100010000006668
010003233800000051322508765451371762689271    36512312025000002000.00000101010001010100010000006668
010003233800000051322508778208622149147111    36512312025000002000.00000101010001010100010000006668
010003233800000051322508785937778968088706    36512312025000002000.00000101010001010100010000006668
010003233800000051322508793395527554183092    36512312025000002000.00000101010001010100010000006668
010003233800000051322508809714468390720810    36512312025000002000.00000101010001010100010000006668
010003233800000051322508811625852385674061    36512312025000002000.00000101010001010100010000006668
010003233800000051322508825682029379988840    36512312025000002000.00000101010001010100010000006668
010003233800000051322508833763172610596366    36512312025000002000.00000101010001010100010000006668
010003233800000051322508845032937423323284    36512312025000002000.00000101010001010100010000006668
010003233800000051322508856300292240441820    36512312025000002000.00000101010001010100010000006668
010003233800000051322508863126444935663140    36512312025000002000.00000101010001010100010000006668
010003233800000051322508879075233806600863    36512312025000002000.00000101010001010100010000006668
010003233800000051322508882195162532197541    36512312025000002000.00000101010001010100010000006668
010003233800000051322508893322714203907533    36512312025000002000.00000101010001010100010000006668
010003233800000051322508902767263318487511    36512312025000002000.00000101010001010100010000006668
010003233800000051322508918322309681344420    36512312025000002000.00000101010001010100010000006668
010003233800000051322508921165080087752504    36512312025000002000.00000101010001010100010000006668
010003233800000051322508938455080683311282    36512312025000002000.00000101010001010100010000006668
010003233800000051322508941509386440626889    36512312025000002000.00000101010001010100010000006668
010003233800000051322508951314174547499586    36512312025000002000.00000101010001010100010000006668
010003233800000051322508965425526681320553    36512312025000002000.00000101010001010100010000006668
010003233800000051322508975240321358357291    36512312025000002000.00000101010001010100010000006668
010003233800000051322508981755486263206625    36512312025000002000.00000101010001010100010000006668
010003233800000051322508991287037572743529    36512312025000002000.00000101010001010100010000006668
010003233800000051322509001075340698986339    36512312025000002000.00000101010001010100010000006668
010003233800000051322509011482070381438561    36512312025000002000.00000101010001010100010000006668
010003233800000051322509021773085104711572    36512312025000002000.00000101010001010100010000006668
010003233800000051322509035771788610188276    36512312025000002000.00000101010001010100010000006668
010003233800000051322509046883758219464013    36512312025000002000.00000101010001010100010000006668
010003233800000051322509051035101005438507    36512312025000002000.00000101010001010100010000006668
010003233800000051322509062235385475964042    36512312025000002000.00000101010001010100010000006668
010003233800000051322509078299349123058075    36512312025000002000.00000101010001010100010000006668
010003233800000051322509081110115564834046    36512312025000002000.00000101010001010100010000006668
010003233800000051322509091223988080025784    36512312025000002000.00000101010001010100010000006668
010003233800000051322509101141698339488967    36512312025000002000.00000101010001010100010000006668
010003233800000051322509116150765872950469    36512312025000002000.00000101010001010100010000006668010000668400000051322507817261447436676818    36512312025000010000.00000101010001010100010000033235
010000668400000051322507822080331492909259    36512312025000010000.00000101010001010100010000033235
010000668400000051322507832217723754214408    36512312025000010000.00000101010001010100010000033235
010000668400000051322507849346444435695154    36512312025000010000.00000101010001010100010000033235
010000668400000051322507851136393765921354    36512312025000010000.00000101010001010100010000033235
010000668400000051322507864023186580160027    36512312025000010000.00000101010001010100010000033235
010000668400000051322507873028691796098353    36512312025000010000.00000101010001010100010000033235
010000668400000051322507884824118345250053    36512312025000010000.00000101010001010100010000033235
010000668400000051322507891895030127890599    36512312025000010000.00000101010001010100010000033235
010000668400000051322507903907275855505247    36512312025000010000.00000101010001010100010000033235
010000668400000051322507916195314180140253    36512312025000010000.00000101010001010100010000033235
010000668400000051322507923103563559980784    36512312025000010000.00000101010001010100010000033235
010000668400000051322507931214873617119308    36512312025000010000.00000101010001010100010000033235
010000668400000051322507946772690449036010    36512312025000010000.00000101010001010100010000033235
010000668400000051322507952368647449335271    36512312025000010000.00000101010001010100010000033235
010000668400000051322507965515661324250281    36512312025000010000.00000101010001010100010000033235
010000668400000051322507971267542585300082    36512312025000010000.00000101010001010100010000033235
010000668400000051322507982326854689886699    36512312025000010000.00000101010001010100010000033235
010000668400000051322507997051221243516628    36512312025000010000.00000101010001010100010000033235
010000668400000051322508008317147172805713    36512312025000010000.00000101010001010100010000033235
010000668400000051322508011915822869598484    36512312025000010000.00000101010001010100010000033235
010000668400000051322508027591694738985247    36512312025000010000.00000101010001010100010000033235
010000668400000051322508035170937685358928    36512312025000010000.00000101010001010100010000033235
010000668400000051322508041007453498723328    36512312025000010000.00000101010001010100010000033235
010000668400000051322508051396529482361135    36512312025000010000.00000101010001010100010000033235
010000668400000051322508061674659837942131    36512312025000010000.00000101010001010100010000033235
010000668400000051322508079348228070385449    36512312025000010000.00000101010001010100010000033235
010000668400000051322508081020209539031931    36512312025000010000.00000101010001010100010000033235
010000668400000051322508091595882680020724    36512312025000010000.00000101010001010100010000033235
010000668400000051322508106750186513235834    36512312025000010000.00000101010001010100010000033235
010000668400000051322508111303471610386966    36512312025000010000.00000101010001010100010000033235
010000668400000051322508124369739892854497    36512312025000010000.00000101010001010100010000033235
010000668400000051322508139310519370114449    36512312025000010000.00000101010001010100010000033235
010000668400000051322508142958006638643861    36512312025000010000.00000101010001010100010000033235
010000668400000051322508154245479488420494    36512312025000010000.00000101010001010100010000033235
010000668400000051322508162409883774581592    36512312025000010000.00000101010001010100010000033235
010000668400000051322508178501106582792612    36512312025000010000.00000101010001010100010000033235
010000668400000051322508181567576692859322    36512312025000010000.00000101010001010100010000033235
010000668400000051322508191142951336155208    36512312025000010000.00000101010001010100010000033235
010000668400000051322508206860307006770764    36512312025000010000.00000101010001010100010000033235
010000668400000051322508211623704450804676    36512312025000010000.00000101010001010100010000033235
010000668400000051322508222187998834164562    36512312025000010000.00000101010001010100010000033235
010000668400000051322508235637234253506924    36512312025000010000.00000101010001010100010000033235
010000668400000051322508241159053606368071    36512312025000010000.00000101010001010100010000033235
010000668400000051322508251818975631854088    36512312025000010000.00000101010001010100010000033235
010000668400000051322508262530212824821164    36512312025000010000.00000101010001010100010000033235
010000668400000051322508276194655226986842    36512312025000010000.00000101010001010100010000033235
010000668400000051322508285793342565808519    36512312025000010000.00000101010001010100010000033235
010000668400000051322508291809130352883759    36512312025000010000.00000101010001010100010000033235
010000668400000051322508309354360170466035    36512312025000010000.00000101010001010100010000033235
010000668400000051322508311301243532888713    36512312025000010000.00000101010001010100010000033235
010000668400000051322508321611191976086008    36512312025000010000.00000101010001010100010000033235
010000668400000051322508333536150299910115    36512312025000010000.00000101010001010100010000033235
010000668400000051322508341907002170843752    36512312025000010000.00000101010001010100010000033235
010000668400000051322508357809933765022877    36512312025000010000.00000101010001010100010000033235
010000668400000051322508361867270010424329    36512312025000010000.00000101010001010100010000033235
010000668400000051322508371258409333107506    36512312025000010000.00000101010001010100010000033235
010000668400000051322508384326833953094492    36512312025000010000.00000101010001010100010000033235
010000668400000051322508392846899847068286    36512312025000010000.00000101010001010100010000033235
010000668400000051322508406280622784106088    36512312025000010000.00000101010001010100010000033235
010000668400000051322508411128990359335047    36512312025000010000.00000101010001010100010000033235
010000668400000051322508429572263032897617    36512312025000010000.00000101010001010100010000033235
010000668400000051322508436601175220908823    36512312025000010000.00000101010001010100010000033235
010000668400000051322508449602392242803246    36512312025000010000.00000101010001010100010000033235
010000668400000051322508451371003818182766    36512312025000010000.00000101010001010100010000033235
010000668400000051322508469775398792411634    36512312025000010000.00000101010001010100010000033235
010000668400000051322508473444059193624019    36512312025000010000.00000101010001010100010000033235
010000668400000051322508481411632464997007    36512312025000010000.00000101010001010100010000033235
010000668400000051322508491618310197361645    36512312025000010000.00000101010001010100010000033235
010000668400000051322508505347412104084840    36512312025000010000.00000101010001010100010000033235
010000668400000051322508518024871644055875    36512312025000010000.00000101010001010100010000033235
010000668400000051322508521682179439701289    36512312025000010000.00000101010001010100010000033235
010000668400000051322508531206846101251299    36512312025000010000.00000101010001010100010000033235
010000668400000051322508542463727548485806    36512312025000010000.00000101010001010100010000033235
010000668400000051322508556511429057743216    36512312025000010000.00000101010001010100010000033235
010000668400000051322508562532303639927017    36512312025000010000.00000101010001010100010000033235
010000668400000051322508572388277267645223    36512312025000010000.00000101010001010100010000033235
010000668400000051322508581107519601873601    36512312025000010000.00000101010001010100010000033235
010000668400000051322508599834087185475680    36512312025000010000.00000101010001010100010000033235
010000668400000051322508601734924165633528    36512312025000010000.00000101010001010100010000033235
010000668400000051322508611378680187900246    36512312025000010000.00000101010001010100010000033235
010000668400000051322508625323757012498179    36512312025000010000.00000101010001010100010000033235
010000668400000051322508635355312581775085    36512312025000010000.00000101010001010100010000033235
010000668400000051322508649002703326997929    36512312025000010000.00000101010001010100010000033235
010000668400000051322508652733998900200055    36512312025000010000.00000101010001010100010000033235
010000668400000051322508668331397096584494    36512312025000010000.00000101010001010100010000033235
010000668400000051322508671464939007265205    36512312025000010000.00000101010001010100010000033235
010000668400000051322508686245096350260585    36512312025000010000.00000101010001010100010000033235
010000668400000051322508691205713845708568    36512312025000010000.00000101010001010100010000033235
010000668400000051322508703065190624090062    36512312025000010000.00000101010001010100010000033235
010000668400000051322508715932386941676879    36512312025000010000.00000101010001010100010000033235
010000668400000051322508725777157163542955    36512312025000010000.00000101010001010100010000033235
010000668400000051322508732527835894729555    36512312025000010000.00000101010001010100010000033235
010000668400000051322508749168010675463569    36512312025000010000.00000101010001010100010000033235
010000668400000051322508754723986846232554    36512312025000010000.00000101010001010100010000033235
010000668400000051322508765451371762689271    36512312025000010000.00000101010001010100010000033235
010000668400000051322508778208622149147111    36512312025000010000.00000101010001010100010000033235
010000668400000051322508785937778968088706    36512312025000010000.00000101010001010100010000033235
010000668400000051322508793395527554183092    36512312025000010000.00000101010001010100010000033235
010000668400000051322508809714468390720810    36512312025000010000.00000101010001010100010000033235
010000668400000051322508811625852385674061    36512312025000010000.00000101010001010100010000033235
010000668400000051322508825682029379988840    36512312025000010000.00000101010001010100010000033235
010000668400000051322508833763172610596366    36512312025000010000.00000101010001010100010000033235
010000668400000051322508845032937423323284    36512312025000010000.00000101010001010100010000033235
010000668400000051322508856300292240441820    36512312025000010000.00000101010001010100010000033235
010000668400000051322508863126444935663140    36512312025000010000.00000101010001010100010000033235
010000668400000051322508879075233806600863    36512312025000010000.00000101010001010100010000033235
010000668400000051322508882195162532197541    36512312025000010000.00000101010001010100010000033235
010000668400000051322508893322714203907533    36512312025000010000.00000101010001010100010000033235
010000668400000051322508902767263318487511    36512312025000010000.00000101010001010100010000033235
010000668400000051322508918322309681344420    36512312025000010000.00000101010001010100010000033235
010000668400000051322508921165080087752504    36512312025000010000.00000101010001010100010000033235
010000668400000051322508938455080683311282    36512312025000010000.00000101010001010100010000033235
010000668400000051322508941509386440626889    36512312025000010000.00000101010001010100010000033235
010000668400000051322508951314174547499586    36512312025000010000.00000101010001010100010000033235
010000668400000051322508965425526681320553    36512312025000010000.00000101010001010100010000033235
010000668400000051322508975240321358357291    36512312025000010000.00000101010001010100010000033235
010000668400000051322508981755486263206625    36512312025000010000.00000101010001010100010000033235
010000668400000051322508991287037572743529    36512312025000010000.00000101010001010100010000033235
010000668400000051322509001075340698986339    36512312025000010000.00000101010001010100010000033235
010000668400000051322509011482070381438561    36512312025000010000.00000101010001010100010000033235
010000668400000051322509021773085104711572    36512312025000010000.00000101010001010100010000033235
010000668400000051322509035771788610188276    36512312025000010000.00000101010001010100010000033235
010000668400000051322509046883758219464013    36512312025000010000.00000101010001010100010000033235
010000668400000051322509051035101005438507    36512312025000010000.00000101010001010100010000033235
010000668400000051322509062235385475964042    36512312025000010000.00000101010001010100010000033235
010000668400000051322509078299349123058075    36512312025000010000.00000101010001010100010000033235
010000668400000051322509081110115564834046    36512312025000010000.00000101010001010100010000033235
010000668400000051322509091223988080025784    36512312025000010000.00000101010001010100010000033235
010000668400000051322509101141698339488967    36512312025000010000.00000101010001010100010000033235