010003233700000051322506529865118437620897    36512312025000002000.00000101010001010100010000006668
010003233700000051322506537910630606107228    36512312025000002000.00000101010001010100010000006668
010003233700000051322506546392771504374726    36512312025000002000.00000101010001010100010000006668
010003233700000051322506552320123194405051    36512312025000002000.00000101010001010100010000006668
010003233700000051322506561619198054951517    36512312025000002000.00000101010001010100010000006668
010003233700000051322506572551981082851892    36512312025000002000.00000101010001010100010000006668
010003233700000051322506584244651358656534    36512312025000002000.00000101010001010100010000006668
010003233700000051322506592665165214317247    36512312025000002000.00000101010001010100010000006668
010003233700000051322506601728600445975682    36512312025000002000.00000101010001010100010000006668
010003233700000051322506612268553163037635    36512312025000002000.00000101010001010100010000006668
010003233700000051322506623936926428286347    36512312025000002000.00000101010001010100010000006668
010003233700000051322506633311220997399249    36512312025000002000.00000101010001010100010000006668
010003233700000051322506646419051796045277    36512312025000002000.00000101010001010100010000006668
010003233700000051322506651700964483655728    36512312025000002000.00000101010001010100010000006668
010003233700000051322506661105432218880384    36512312025000002000.00000101010001010100010000006668
010003233700000051322506672379217847437754    36512312025000002000.00000101010001010100010000006668
010003233700000051322506681270600455726459    36512312025000002000.00000101010001010100010000006668
010003233700000051322506691628231660820041    36512312025000002000.00000101010001010100010000006668
010003233700000051322506701122424965973447    36512312025000002000.00000101010001010100010000006668
010003233700000051322506711366418932984381    36512312025000002000.00000101010001010100010000006668
010003233700000051322506721069468737696965    36512312025000002000.00000101010001010100010000006668
010003233700000051322506731096489601071201    36512312025000002000.00000101010001010100010000006668
010003233700000051322506741269666867029404    36512312025000002000.00000101010001010100010000006668
010003233700000051322506751302303926840001    36512312025000002000.00000101010001010100010000006668
010003233700000051322506762600942014574212    36512312025000002000.00000101010001010100010000006668
010003233700000051322506771816619569926061    36512312025000002000.00000101010001010100010000006668
010003233700000051322506785676512437260852    36512312025000002000.00000101010001010100010000006668
010003233700000051322506793417797083479687    36512312025000002000.00000101010001010100010000006668
010003233700000051322506801305378748171821    36512312025000002000.00000101010001010100010000006668
010003233700000051322506819994463326848937    36512312025000002000.00000101010001010100010000006668
010003233700000051322506827576499697967272    36512312025000002000.00000101010001010100010000006668
010003233700000051322506836905775287960862    36512312025000002000.00000101010001010100010000006668
010003233700000051322506846780362645465134    36512312025000002000.00000101010001010100010000006668
010003233700000051322506851589623943674146    36512312025000002000.00000101010001010100010000006668
010003233700000051322506861466495939074707    36512312025000002000.00000101010001010100010000006668
010003233700000051322506876802448217633613    36512312025000002000.00000101010001010100010000006668
010003233700000051322506886844262423922176    36512312025000002000.00000101010001010100010000006668
010003233700000051322506891346867177907659    36512312025000002000.00000101010001010100010000006668
010003233700000051322506902264249194201883    36512312025000002000.00000101010001010100010000006668
010003233700000051322506911228219014967562    36512312025000002000.00000101010001010100010000006668
010003233700000051322506925355697525072563    36512312025000002000.00000101010001010100010000006668
010003233700000051322506931558290471769204    36512312025000002000.00000101010001010100010000006668
010003233700000051322506949775525751496025    36512312025000002000.00000101010001010100010000006668
010003233700000051322506957411922004196444    36512312025000002000.00000101010001010100010000006668
010003233700000051322506961058875603948489    36512312025000002000.00000101010001010100010000006668
010003233700000051322506973136757036586737    36512312025000002000.00000101010001010100010000006668
010003233700000051322506988625101725654452    36512312025000002000.00000101010001010100010000006668
010003233700000051322506991364910869400545    36512312025000002000.00000101010001010100010000006668
010003233700000051322507002051083375600041    36512312025000002000.00000101010001010100010000006668
010003233700000051322507011258341960465003    36512312025000002000.00000101010001010100010000006668
010003233700000051322507026898159085417749    36512312025000002000.00000101010001010100010000006668
010003233700000051322507038630755476795062    36512312025000002000.00000101010001010100010000006668
010003233700000051322507043842779846483870    36512312025000002000.00000101010001010100010000006668
010003233700000051322507057753350382020015    36512312025000002000.00000101010001010100010000006668
010003233700000051322507064287724235847071    36512312025000002000.00000101010001010100010000006668
010003233700000051322507071352793304702928    36512312025000002000.00000101010001010100010000006668
010003233700000051322507081650084769421462    36512312025000002000.00000101010001010100010000006668
010003233700000051322507098126140342372093    36512312025000002000.00000101010001010100010000006668
010003233700000051322507101656481033476035    36512312025000002000.00000101010001010100010000006668
010003233700000051322507118186515300338319    36512312025000002000.00000101010001010100010000006668
010003233700000051322507123021229023512160    36512312025000002000.00000101010001010100010000006668
010003233700000051322507138778250639595462    36512312025000002000.00000101010001010100010000006668
010003233700000051322507141015235448988415    36512312025000002000.00000101010001010100010000006668
010003233700000051322507159924229901213618    36512312025000002000.00000101010001010100010000006668
010003233700000051322507162975449789969270    36512312025000002000.00000101010001010100010000006668
010003233700000051322507179412993918459692    36512312025000002000.00000101010001010100010000006668
010003233700000051322507183954615259174175    36512312025000002000.00000101010001010100010000006668
010003233700000051322507197423101585933015    36512312025000002000.00000101010001010100010000006668
010003233700000051322507206505163191846050    36512312025000002000.00000101010001010100010000006668
010003233700000051322507218592200669204691    36512312025000002000.00000101010001010100010000006668
010003233700000051322507221975707526243748    36512312025000002000.00000101010001010100010000006668
010003233700000051322507231852511654966774    36512312025000002000.00000101010001010100010000006668
010003233700000051322507241165604277852427    36512312025000002000.00000101010001010100010000006668
010003233700000051322507251242090942715004    36512312025000002000.00000101010001010100010000006668
010003233700000051322507261159716345753641    36512312025000002000.00000101010001010100010000006668
010003233700000051322507271985458065123030    36512312025000002000.00000101010001010100010000006668
010003233700000051322507284155707537190064    36512312025000002000.00000101010001010100010000006668
010003233700000051322507291924569220588749    36512312025000002000.00000101010001010100010000006668
010003233700000051322507304040324068931842    36512312025000002000.00000101010001010100010000006668
010003233700000051322507319663698216445838    36512312025000002000.00000101010001010100010000006668
010003233700000051322507321308371090081427    36512312025000002000.00000101010001010100010000006668
010003233700000051322507331594884295696124    36512312025000002000.00000101010001010100010000006668
010003233700000051322507348793991783116022    36512312025000002000.00000101010001010100010000006668
010003233700000051322507351426719571858253    36512312025000002000.00000101010001010100010000006668
010003233700000051322507361569596241348095    36512312025000002000.00000101010001010100010000006668
010003233700000051322507371593644060706874    36512312025000002000.00000101010001010100010000006668
010003233700000051322507381387447402033431    36512312025000002000.00000101010001010100010000006668
010003233700000051322507397014371474342632    36512312025000002000.00000101010001010100010000006668
010003233700000051322507401058339644380279    36512312025000002000.00000101010001010100010000006668
010003233700000051322507415596615402679088    36512312025000002000.00000101010001010100010000006668
010003233700000051322507421213618346659807    36512312025000002000.00000101010001010100010000006668
010003233700000051322507436484705870084828    36512312025000002000.00000101010001010100010000006668
010003233700000051322507441394891246964869    36512312025000002000.00000101010001010100010000006668
010003233700000051322507451562185463647206    36512312025000002000.00000101010001010100010000006668
010003233700000051322507461240340332465847    36512312025000002000.00000101010001010100010000006668
010003233700000051322507475345237827087624    36512312025000002000.00000101010001010100010000006668
010003233700000051322507481168297645782541    36512312025000002000.00000101010001010100010000006668
010003233700000051322507493884146599636171    36512312025000002000.00000101010001010100010000006668
010003233700000051322507504156691855502912    36512312025000002000.00000101010001010100010000006668
010003233700000051322507512094016914791248    36512312025000002000.00000101010001010100010000006668
010003233700000051322507527774642697940719    36512312025000002000.00000101010001010100010000006668
010003233700000051322507536929260524069664    36512312025000002000.00000101010001010100010000006668
010003233700000051322507543697119958752493    36512312025000002000.00000101010001010100010000006668
010003233700000051322507559822634449555233    36512312025000002000.00000101010001010100010000006668
010003233700000051322507563318035617576222    36512312025000002000.00000101010001010100010000006668
010003233700000051322507571215336987819505    36512312025000002000.00000101010001010100010000006668
010003233700000051322507581853052733726239    36512312025000002000.00000101010001010100010000006668
010003233700000051322507595113144353216839    36512312025000002000.00000101010001010100010000006668
010003233700000051322507601263153534277801    36512312025000002000.00000101010001010100010000006668
010003233700000051322507613019305154775040    36512312025000002000.00000101010001010100010000006668
010003233700000051322507625123992882205032    36512312025000002000.00000101010001010100010000006668
010003233700000051322507633798705644608459    36512312025000002000.00000101010001010100010000006668
010003233700000051322507649620505011201071    36512312025000002000.00000101010001010100010000006668
010003233700000051322507651930244071848561    36512312025000002000.00000101010001010100010000006668
010003233700000051322507661826108337751874    36512312025000002000.00000101010001010100010000006668
010003233700000051322507671553149917600726    36512312025000002000.00000101010001010100010000006668
010003233700000051322507681152522924051441    36512312025000002000.00000101010001010100010000006668
010003233700000051322507691012899523034881    36512312025000002000.00000101010001010100010000006668
010003233700000051322507702148071619078096    36512312025000002000.00000101010001010100010000006668
010003233700000051322507713608496877587043    36512312025000002000.00000101010001010100010000006668
010003233700000051322507721057206421154168    36512312025000002000.00000101010001010100010000006668
010003233700000051322507738804739130622714    36512312025000002000.00000101010001010100010000006668
010003233700000051322507741606950327051635    36512312025000002000.00000101010001010100010000006668
010003233700000051322507751556870374645406    36512312025000002000.00000101010001010100010000006668
010003233700000051322507761304922097347045    36512312025000002000.00000101010001010100010000006668
010003233700000051322507777226504352267211    36512312025000002000.00000101010001010100010000006668
010003233700000051322507785114321604623526    36512312025000002000.00000101010001010100010000006668
010003233700000051322507794147311318601842    36512312025000002000.00000101010001010100010000006668
010003233700000051322507807110364796442695    36512312025000002000.00000101010001010100010000006668
010003233700000051322507817261447436676818    36512312025000002000.00000101010001010100010000006668010000668300000051322506511797328790541250    36512312025000010000.00000101010001010100010000033235
010000668300000051322506529865118437620897    36512312025000010000.00000101010001010100010000033235
010000668300000051322506537910630606107228    36512312025000010000.00000101010001010100010000033235
010000668300000051322506546392771504374726    36512312025000010000.00000101010001010100010000033235
010000668300000051322506552320123194405051    36512312025000010000.00000101010001010100010000033235
010000668300000051322506561619198054951517    36512312025000010000.00000101010001010100010000033235
010000668300000051322506572551981082851892    36512312025000010000.00000101010001010100010000033235
010000668300000051322506584244651358656534    36512312025000010000.00000101010001010100010000033235
010000668300000051322506592665165214317247    36512312025000010000.00000101010001010100010000033235
010000668300000051322506601728600445975682    36512312025000010000.00000101010001010100010000033235
010000668300000051322506612268553163037635    36512312025000010000.00000101010001010100010000033235
010000668300000051322506623936926428286347    36512312025000010000.00000101010001010100010000033235
010000668300000051322506633311220997399249    36512312025000010000.00000101010001010100010000033235
010000668300000051322506646419051796045277    36512312025000010000.00000101010001010100010000033235
010000668300000051322506651700964483655728    36512312025000010000.00000101010001010100010000033235
010000668300000051322506661105432218880384    36512312025000010000.00000101010001010100010000033235
010000668300000051322506672379217847437754    36512312025000010000.00000101010001010100010000033235
010000668300000051322506681270600455726459    36512312025000010000.00000101010001010100010000033235
010000668300000051322506691628231660820041    36512312025000010000.00000101010001010100010000033235
010000668300000051322506701122424965973447    36512312025000010000.00000101010001010100010000033235
010000668300000051322506711366418932984381    36512312025000010000.00000101010001010100010000033235
010000668300000051322506721069468737696965    36512312025000010000.00000101010001010100010000033235
010000668300000051322506731096489601071201    36512312025000010000.00000101010001010100010000033235
010000668300000051322506741269666867029404    36512312025000010000.00000101010001010100010000033235
010000668300000051322506751302303926840001    36512312025000010000.00000101010001010100010000033235
010000668300000051322506762600942014574212    36512312025000010000.00000101010001010100010000033235
010000668300000051322506771816619569926061    36512312025000010000.00000101010001010100010000033235
010000668300000051322506785676512437260852    36512312025000010000.00000101010001010100010000033235
010000668300000051322506793417797083479687    36512312025000010000.00000101010001010100010000033235
010000668300000051322506801305378748171821    36512312025000010000.00000101010001010100010000033235
010000668300000051322506819994463326848937    36512312025000010000.00000101010001010100010000033235
010000668300000051322506827576499697967272    36512312025000010000.00000101010001010100010000033235
010000668300000051322506836905775287960862    36512312025000010000.00000101010001010100010000033235
010000668300000051322506846780362645465134    36512312025000010000.00000101010001010100010000033235
010000668300000051322506851589623943674146    36512312025000010000.00000101010001010100010000033235
010000668300000051322506861466495939074707    36512312025000010000.00000101010001010100010000033235
010000668300000051322506876802448217633613    36512312025000010000.00000101010001010100010000033235
010000668300000051322506886844262423922176    36512312025000010000.00000101010001010100010000033235
010000668300000051322506891346867177907659    36512312025000010000.00000101010001010100010000033235
010000668300000051322506902264249194201883    36512312025000010000.00000101010001010100010000033235
010000668300000051322506911228219014967562    36512312025000010000.00000101010001010100010000033235
010000668300000051322506925355697525072563    36512312025000010000.00000101010001010100010000033235
010000668300000051322506931558290471769204    36512312025000010000.00000101010001010100010000033235
010000668300000051322506949775525751496025    36512312025000010000.00000101010001010100010000033235
010000668300000051322506957411922004196444    36512312025000010000.00000101010001010100010000033235
010000668300000051322506961058875603948489    36512312025000010000.00000101010001010100010000033235
010000668300000051322506973136757036586737    36512312025000010000.00000101010001010100010000033235
010000668300000051322506988625101725654452    36512312025000010000.00000101010001010100010000033235
010000668300000051322506991364910869400545    36512312025000010000.00000101010001010100010000033235
010000668300000051322507002051083375600041    36512312025000010000.00000101010001010100010000033235
010000668300000051322507011258341960465003    36512312025000010000.00000101010001010100010000033235
010000668300000051322507026898159085417749    36512312025000010000.00000101010001010100010000033235
010000668300000051322507038630755476795062    36512312025000010000.00000101010001010100010000033235
010000668300000051322507043842779846483870    36512312025000010000.00000101010001010100010000033235
010000668300000051322507057753350382020015    36512312025000010000.00000101010001010100010000033235
010000668300000051322507064287724235847071    36512312025000010000.00000101010001010100010000033235
010000668300000051322507071352793304702928    36512312025000010000.00000101010001010100010000033235
010000668300000051322507081650084769421462    36512312025000010000.00000101010001010100010000033235
010000668300000051322507098126140342372093    36512312025000010000.00000101010001010100010000033235
010000668300000051322507101656481033476035    36512312025000010000.00000101010001010100010000033235
010000668300000051322507118186515300338319    36512312025000010000.00000101010001010100010000033235
010000668300000051322507123021229023512160    36512312025000010000.00000101010001010100010000033235
010000668300000051322507138778250639595462    36512312025000010000.00000101010001010100010000033235
010000668300000051322507141015235448988415    36512312025000010000.00000101010001010100010000033235
010000668300000051322507159924229901213618    36512312025000010000.00000101010001010100010000033235
010000668300000051322507162975449789969270    36512312025000010000.00000101010001010100010000033235
010000668300000051322507179412993918459692    36512312025000010000.00000101010001010100010000033235
010000668300000051322507183954615259174175    36512312025000010000.00000101010001010100010000033235
010000668300000051322507197423101585933015    36512312025000010000.00000101010001010100010000033235
010000668300000051322507206505163191846050    36512312025000010000.00000101010001010100010000033235
010000668300000051322507218592200669204691    36512312025000010000.00000101010001010100010000033235
010000668300000051322507221975707526243748    36512312025000010000.00000101010001010100010000033235
010000668300000051322507231852511654966774    36512312025000010000.00000101010001010100010000033235
010000668300000051322507241165604277852427    36512312025000010000.00000101010001010100010000033235
010000668300000051322507251242090942715004    36512312025000010000.00000101010001010100010000033235
010000668300000051322507261159716345753641    36512312025000010000.00000101010001010100010000033235
010000668300000051322507271985458065123030    36512312025000010000.00000101010001010100010000033235
010000668300000051322507284155707537190064    36512312025000010000.00000101010001010100010000033235
010000668300000051322507291924569220588749    36512312025000010000.00000101010001010100010000033235
010000668300000051322507304040324068931842    36512312025000010000.00000101010001010100010000033235
010000668300000051322507319663698216445838    36512312025000010000.00000101010001010100010000033235
010000668300000051322507321308371090081427    36512312025000010000.00000101010001010100010000033235
010000668300000051322507331594884295696124    36512312025000010000.00000101010001010100010000033235
010000668300000051322507348793991783116022    36512312025000010000.00000101010001010100010000033235
010000668300000051322507351426719571858253    36512312025000010000.00000101010001010100010000033235
010000668300000051322507361569596241348095    36512312025000010000.00000101010001010100010000033235
010000668300000051322507371593644060706874    36512312025000010000.00000101010001010100010000033235
010000668300000051322507381387447402033431    36512312025000010000.00000101010001010100010000033235
010000668300000051322507397014371474342632    36512312025000010000.00000101010001010100010000033235
010000668300000051322507401058339644380279    36512312025000010000.00000101010001010100010000033235
010000668300000051322507415596615402679088    36512312025000010000.00000101010001010100010000033235
010000668300000051322507421213618346659807    36512312025000010000.00000101010001010100010000033235
010000668300000051322507436484705870084828    36512312025000010000.00000101010001010100010000033235
010000668300000051322507441394891246964869    36512312025000010000.00000101010001010100010000033235
010000668300000051322507451562185463647206    36512312025000010000.00000101010001010100010000033235
010000668300000051322507461240340332465847    36512312025000010000.00000101010001010100010000033235
010000668300000051322507475345237827087624    36512312025000010000.00000101010001010100010000033235
010000668300000051322507481168297645782541    36512312025000010000.00000101010001010100010000033235
010000668300000051322507493884146599636171    36512312025000010000.00000101010001010100010000033235
010000668300000051322507504156691855502912    36512312025000010000.00000101010001010100010000033235
010000668300000051322507512094016914791248    36512312025000010000.00000101010001010100010000033235
010000668300000051322507527774642697940719    36512312025000010000.00000101010001010100010000033235
010000668300000051322507536929260524069664    36512312025000010000.00000101010001010100010000033235
010000668300000051322507543697119958752493    36512312025000010000.00000101010001010100010000033235
010000668300000051322507559822634449555233    36512312025000010000.00000101010001010100010000033235
010000668300000051322507563318035617576222    36512312025000010000.00000101010001010100010000033235
010000668300000051322507571215336987819505    36512312025000010000.00000101010001010100010000033235
010000668300000051322507581853052733726239    36512312025000010000.00000101010001010100010000033235
010000668300000051322507595113144353216839    36512312025000010000.00000101010001010100010000033235
010000668300000051322507601263153534277801    36512312025000010000.00000101010001010100010000033235
010000668300000051322507613019305154775040    36512312025000010000.00000101010001010100010000033235
010000668300000051322507625123992882205032    36512312025000010000.00000101010001010100010000033235
010000668300000051322507633798705644608459    36512312025000010000.00000101010001010100010000033235
010000668300000051322507649620505011201071    36512312025000010000.00000101010001010100010000033235
010000668300000051322507651930244071848561    36512312025000010000.00000101010001010100010000033235
010000668300000051322507661826108337751874    36512312025000010000.00000101010001010100010000033235
010000668300000051322507671553149917600726    36512312025000010000.00000101010001010100010000033235
010000668300000051322507681152522924051441    36512312025000010000.00000101010001010100010000033235
010000668300000051322507691012899523034881    36512312025000010000.00000101010001010100010000033235
010000668300000051322507702148071619078096    36512312025000010000.00000101010001010100010000033235
010000668300000051322507713608496877587043    36512312025000010000.00000101010001010100010000033235
010000668300000051322507721057206421154168    36512312025000010000.00000101010001010100010000033235
010000668300000051322507738804739130622714    36512312025000010000.00000101010001010100010000033235
010000668300000051322507741606950327051635    36512312025000010000.00000101010001010100010000033235
010000668300000051322507751556870374645406    36512312025000010000.00000101010001010100010000033235
010000668300000051322507761304922097347045    36512312025000010000.00000101010001010100010000033235
010000668300000051322507777226504352267211    36512312025000010000.00000101010001010100010000033235
010000668300000051322507785114321604623526    36512312025000010000.00000101010001010100010000033235
010000668300000051322507794147311318601842    36512312025000010000.00000101010001010100010000033235
010000668300000051322507807110364796442695    36512312025000010000.00000101010001010100010000033235