010003233400000051322502621155719640249655    36512312025000002000.00000101010001010100010000006668
010003233400000051322502639434082915512565    36512312025000002000.00000101010001010100010000006668
010003233400000051322502641904897428537322    36512312025000002000.00000101010001010100010000006668
010003233400000051322502651035081863238825    36512312025000002000.00000101010001010100010000006668
010003233400000051322502662330227467348662    36512312025000002000.00000101010001010100010000006668
010003233400000051322502671099636873130886    36512312025000002000.00000101010001010100010000006668
010003233400000051322502681041108454399507    36512312025000002000.00000101010001010100010000006668
010003233400000051322502691200202388739471    36512312025000002000.00000101010001010100010000006668
010003233400000051322502701787860609605631    36512312025000002000.00000101010001010100010000006668
010003233400000051322502711260764052152009    36512312025000002000.00000101010001010100010000006668
010003233400000051322502721376986034872413    36512312025000002000.00000101010001010100010000006668
010003233400000051322502732942418650182467    36512312025000002000.00000101010001010100010000006668
010003233400000051322502741088256530059803    36512312025000002000.00000101010001010100010000006668
010003233400000051322502751237278414941458    36512312025000002000.00000101010001010100010000006668
010003233400000051322502768903108791863025    36512312025000002000.00000101010001010100010000006668
010003233400000051322502776461577368229020    36512312025000002000.00000101010001010100010000006668
010003233400000051322502785368910419200060    36512312025000002000.00000101010001010100010000006668
010003233400000051322502799592868596986024    36512312025000002000.00000101010001010100010000006668
010003233400000051322502801415241980970724    36512312025000002000.00000101010001010100010000006668
010003233400000051322502814724159987430548    36512312025000002000.00000101010001010100010000006668
010003233400000051322502821015593598210563    36512312025000002000.00000101010001010100010000006668
010003233400000051322502831036177071990083    36512312025000002000.00000101010001010100010000006668
010003233400000051322502844741447428046815    36512312025000002000.00000101010001010100010000006668
010003233400000051322502852123804664865386    36512312025000002000.00000101010001010100010000006668
010003233400000051322502861428116868348195    36512312025000002000.00000101010001010100010000006668
010003233400000051322502879069794971506634    36512312025000002000.00000101010001010100010000006668
010003233400000051322502885524322923789887    36512312025000002000.00000101010001010100010000006668
010003233400000051322502891013127542905834    36512312025000002000.00000101010001010100010000006668
010003233400000051322502904730992503310083    36512312025000002000.00000101010001010100010000006668
010003233400000051322502916679979510106836    36512312025000002000.00000101010001010100010000006668
010003233400000051322502921336546028636858    36512312025000002000.00000101010001010100010000006668
010003233400000051322502931099003349705814    36512312025000002000.00000101010001010100010000006668
010003233400000051322502946378204117404777    36512312025000002000.00000101010001010100010000006668
010003233400000051322502952101615978510137    36512312025000002000.00000101010001010100010000006668
010003233400000051322502962799217336931449    36512312025000002000.00000101010001010100010000006668
010003233400000051322502971485700780729785    36512312025000002000.00000101010001010100010000006668
010003233400000051322502981266958414814958    36512312025000002000.00000101010001010100010000006668
010003233400000051322502994711916058466530    36512312025000002000.00000101010001010100010000006668
010003233400000051322503009859747713809676    36512312025000002000.00000101010001010100010000006668
010003233400000051322503011478350966888905    36512312025000002000.00000101010001010100010000006668
010003233400000051322503025881963769346207    36512312025000002000.00000101010001010100010000006668
010003233400000051322503031487617747286851    36512312025000002000.00000101010001010100010000006668
010003233400000051322503041413874843236933    36512312025000002000.00000101010001010100010000006668
010003233400000051322503051230833665681281    36512312025000002000.00000101010001010100010000006668
010003233400000051322503067633446754010067    36512312025000002000.00000101010001010100010000006668
010003233400000051322503071231082754967475    36512312025000002000.00000101010001010100010000006668
010003233400000051322503086672426095719843    36512312025000002000.00000101010001010100010000006668
010003233400000051322503091447733007568841    36512312025000002000.00000101010001010100010000006668
010003233400000051322503105941203619786878    36512312025000002000.00000101010001010100010000006668
010003233400000051322503116613988827080576    36512312025000002000.00000101010001010100010000006668
010003233400000051322503124065063225927748    36512312025000002000.00000101010001010100010000006668
010003233400000051322503135671553901615576    36512312025000002000.00000101010001010100010000006668
010003233400000051322503141312972228191675    36512312025000002000.00000101010001010100010000006668
010003233400000051322503157966466507328093    36512312025000002000.00000101010001010100010000006668
010003233400000051322503161455880215114103    36512312025000002000.00000101010001010100010000006668
010003233400000051322503171316545572314461    36512312025000002000.00000101010001010100010000006668
010003233400000051322503181417454696573322    36512312025000002000.00000101010001010100010000006668
010003233400000051322503191077400767959204    36512312025000002000.00000101010001010100010000006668
010003233400000051322503205407454049672018    36512312025000002000.00000101010001010100010000006668
010003233400000051322503211672595755464607    36512312025000002000.00000101010001010100010000006668
010003233400000051322503222014361295122460    36512312025000002000.00000101010001010100010000006668
010003233400000051322503231798594660656068    36512312025000002000.00000101010001010100010000006668
010003233400000051322503247529690031139285    36512312025000002000.00000101010001010100010000006668
010003233400000051322503251278785094247401    36512312025000002000.00000101010001010100010000006668
010003233400000051322503261108462648318049    36512312025000002000.00000101010001010100010000006668
010003233400000051322503271342517678209565    36512312025000002000.00000101010001010100010000006668
010003233400000051322503282796797098250435    36512312025000002000.00000101010001010100010000006668
010003233400000051322503297830894684192262    36512312025000002000.00000101010001010100010000006668
010003233400000051322503303591068925108616    36512312025000002000.00000101010001010100010000006668
010003233400000051322503316446065503950073    36512312025000002000.00000101010001010100010000006668
010003233400000051322503325148544697275072    36512312025000002000.00000101010001010100010000006668
010003233400000051322503331242803990430567    36512312025000002000.00000101010001010100010000006668
010003233400000051322503348714696458783554    36512312025000002000.00000101010001010100010000006668
010003233400000051322503351280468773390684    36512312025000002000.00000101010001010100010000006668
010003233400000051322503365956592412002142    36512312025000002000.00000101010001010100010000006668
010003233400000051322503371993398191972164    36512312025000002000.00000101010001010100010000006668
010003233400000051322503381543389326967605    36512312025000002000.00000101010001010100010000006668
010003233400000051322503391325142379352615    36512312025000002000.00000101010001010100010000006668
010003233400000051322503408055597749750489    36512312025000002000.00000101010001010100010000006668
010003233400000051322503417008032942609432    36512312025000002000.00000101010001010100010000006668
010003233400000051322503424813204494335479    36512312025000002000.00000101010001010100010000006668
010003233400000051322503439348138891900092    36512312025000002000.00000101010001010100010000006668
010003233400000051322503441132183270843528    36512312025000002000.00000101010001010100010000006668
010003233400000051322503452058568349519363    36512312025000002000.00000101010001010100010000006668
010003233400000051322503463238130727322477    36512312025000002000.00000101010001010100010000006668
010003233400000051322503472325996083387464    36512312025000002000.00000101010001010100010000006668
010003233400000051322503488263005671597632    36512312025000002000.00000101010001010100010000006668
010003233400000051322503493356299016238353    36512312025000002000.00000101010001010100010000006668
010003233400000051322503501410264804715978    36512312025000002000.00000101010001010100010000006668
010003233400000051322503511668163118124588    36512312025000002000.00000101010001010100010000006668
010003233400000051322503523106259546567868    36512312025000002000.00000101010001010100010000006668
010003233400000051322503539510728016504638    36512312025000002000.00000101010001010100010000006668
010003233400000051322503541426067312418702    36512312025000002000.00000101010001010100010000006668
010003233400000051322503553263992911179092    36512312025000002000.00000101010001010100010000006668
010003233400000051322503561175020642967253    36512312025000002000.00000101010001010100010000006668
010003233400000051322503572970745613640307    36512312025000002000.00000101010001010100010000006668
010003233400000051322503588972880166131996    36512312025000002000.00000101010001010100010000006668
010003233400000051322503591611967026740007    36512312025000002000.00000101010001010100010000006668
010003233400000051322503602258072763039751    36512312025000002000.00000101010001010100010000006668
010003233400000051322503616318677911803620    36512312025000002000.00000101010001010100010000006668
010003233400000051322503624301661962867783    36512312025000002000.00000101010001010100010000006668
010003233400000051322503638839662182118364    36512312025000002000.00000101010001010100010000006668
010003233400000051322503646016859938812859    36512312025000002000.00000101010001010100010000006668
010003233400000051322503651345456491450445    36512312025000002000.00000101010001010100010000006668
010003233400000051322503661446207989337611    36512312025000002000.00000101010001010100010000006668
010003233400000051322503675911489934624741    36512312025000002000.00000101010001010100010000006668
010003233400000051322503683641330951635474    36512312025000002000.00000101010001010100010000006668
010003233400000051322503693141259947442228    36512312025000002000.00000101010001010100010000006668
010003233400000051322503708236924247041885    36512312025000002000.00000101010001010100010000006668
010003233400000051322503711875410408949457    36512312025000002000.00000101010001010100010000006668
010003233400000051322503726368871238944023    36512312025000002000.00000101010001010100010000006668
010003233400000051322503734795171449721823    36512312025000002000.00000101010001010100010000006668
010003233400000051322503741617612697122842    36512312025000002000.00000101010001010100010000006668
010003233400000051322503755868694284795423    36512312025000002000.00000101010001010100010000006668
010003233400000051322503761477086226435303    36512312025000002000.00000101010001010100010000006668
010003233400000051322503773884796541782297    36512312025000002000.00000101010001010100010000006668
010003233400000051322503785690361642405069    36512312025000002000.00000101010001010100010000006668
010003233400000051322503796455791397757966    36512312025000002000.00000101010001010100010000006668
010003233400000051322503806336045421280742    36512312025000002000.00000101010001010100010000006668
010003233400000051322503812562356555278889    36512312025000002000.00000101010001010100010000006668
010003233400000051322503824142912622093098    36512312025000002000.00000101010001010100010000006668
010003233400000051322503836507899755672442    36512312025000002000.00000101010001010100010000006668
010003233400000051322503843096822506020268    36512312025000002000.00000101010001010100010000006668
010003233400000051322503851154133566949039    36512312025000002000.00000101010001010100010000006668
010003233400000051322503863646299882064749    36512312025000002000.00000101010001010100010000006668
010003233400000051322503871559874309910488    36512312025000002000.00000101010001010100010000006668
010003233400000051322503886695820436518041    36512312025000002000.00000101010001010100010000006668
010003233400000051322503899716666367576089    36512312025000002000.00000101010001010100010000006668
010003233400000051322503908241481267698039    36512312025000002000.00000101010001010100010000006668
010003233400000051322503911434577295409498    36512312025000002000.00000101010001010100010000006668010000668000000051322502615757390374287941    36512312025000010000.00000101010001010100010000033235
010000668000000051322502621155719640249655    36512312025000010000.00000101010001010100010000033235
010000668000000051322502639434082915512565    36512312025000010000.00000101010001010100010000033235
010000668000000051322502641904897428537322    36512312025000010000.00000101010001010100010000033235
010000668000000051322502651035081863238825    36512312025000010000.00000101010001010100010000033235
010000668000000051322502662330227467348662    36512312025000010000.00000101010001010100010000033235
010000668000000051322502671099636873130886    36512312025000010000.00000101010001010100010000033235
010000668000000051322502681041108454399507    36512312025000010000.00000101010001010100010000033235
010000668000000051322502691200202388739471    36512312025000010000.00000101010001010100010000033235
010000668000000051322502701787860609605631    36512312025000010000.00000101010001010100010000033235
010000668000000051322502711260764052152009    36512312025000010000.00000101010001010100010000033235
010000668000000051322502721376986034872413    36512312025000010000.00000101010001010100010000033235
010000668000000051322502732942418650182467    36512312025000010000.00000101010001010100010000033235
010000668000000051322502741088256530059803    36512312025000010000.00000101010001010100010000033235
010000668000000051322502751237278414941458    36512312025000010000.00000101010001010100010000033235
010000668000000051322502768903108791863025    36512312025000010000.00000101010001010100010000033235
010000668000000051322502776461577368229020    36512312025000010000.00000101010001010100010000033235
010000668000000051322502785368910419200060    36512312025000010000.00000101010001010100010000033235
010000668000000051322502799592868596986024    36512312025000010000.00000101010001010100010000033235
010000668000000051322502801415241980970724    36512312025000010000.00000101010001010100010000033235
010000668000000051322502814724159987430548    36512312025000010000.00000101010001010100010000033235
010000668000000051322502821015593598210563    36512312025000010000.00000101010001010100010000033235
010000668000000051322502831036177071990083    36512312025000010000.00000101010001010100010000033235
010000668000000051322502844741447428046815    36512312025000010000.00000101010001010100010000033235
010000668000000051322502852123804664865386    36512312025000010000.00000101010001010100010000033235
010000668000000051322502861428116868348195    36512312025000010000.00000101010001010100010000033235
010000668000000051322502879069794971506634    36512312025000010000.00000101010001010100010000033235
010000668000000051322502885524322923789887    36512312025000010000.00000101010001010100010000033235
010000668000000051322502891013127542905834    36512312025000010000.00000101010001010100010000033235
010000668000000051322502904730992503310083    36512312025000010000.00000101010001010100010000033235
010000668000000051322502916679979510106836    36512312025000010000.00000101010001010100010000033235
010000668000000051322502921336546028636858    36512312025000010000.00000101010001010100010000033235
010000668000000051322502931099003349705814    36512312025000010000.00000101010001010100010000033235
010000668000000051322502946378204117404777    36512312025000010000.00000101010001010100010000033235
010000668000000051322502952101615978510137    36512312025000010000.00000101010001010100010000033235
010000668000000051322502962799217336931449    36512312025000010000.00000101010001010100010000033235
010000668000000051322502971485700780729785    36512312025000010000.00000101010001010100010000033235
010000668000000051322502981266958414814958    36512312025000010000.00000101010001010100010000033235
010000668000000051322502994711916058466530    36512312025000010000.00000101010001010100010000033235
010000668000000051322503009859747713809676    36512312025000010000.00000101010001010100010000033235
010000668000000051322503011478350966888905    36512312025000010000.00000101010001010100010000033235
010000668000000051322503025881963769346207    36512312025000010000.00000101010001010100010000033235
010000668000000051322503031487617747286851    36512312025000010000.00000101010001010100010000033235
010000668000000051322503041413874843236933    36512312025000010000.00000101010001010100010000033235
010000668000000051322503051230833665681281    36512312025000010000.00000101010001010100010000033235
010000668000000051322503067633446754010067    36512312025000010000.00000101010001010100010000033235
010000668000000051322503071231082754967475    36512312025000010000.00000101010001010100010000033235
010000668000000051322503086672426095719843    36512312025000010000.00000101010001010100010000033235
010000668000000051322503091447733007568841    36512312025000010000.00000101010001010100010000033235
010000668000000051322503105941203619786878    36512312025000010000.00000101010001010100010000033235
010000668000000051322503116613988827080576    36512312025000010000.00000101010001010100010000033235
010000668000000051322503124065063225927748    36512312025000010000.00000101010001010100010000033235
010000668000000051322503135671553901615576    36512312025000010000.00000101010001010100010000033235
010000668000000051322503141312972228191675    36512312025000010000.00000101010001010100010000033235
010000668000000051322503157966466507328093    36512312025000010000.00000101010001010100010000033235
010000668000000051322503161455880215114103    36512312025000010000.00000101010001010100010000033235
010000668000000051322503171316545572314461    36512312025000010000.00000101010001010100010000033235
010000668000000051322503181417454696573322    36512312025000010000.00000101010001010100010000033235
010000668000000051322503191077400767959204    36512312025000010000.00000101010001010100010000033235
010000668000000051322503205407454049672018    36512312025000010000.00000101010001010100010000033235
010000668000000051322503211672595755464607    36512312025000010000.00000101010001010100010000033235
010000668000000051322503222014361295122460    36512312025000010000.00000101010001010100010000033235
010000668000000051322503231798594660656068    36512312025000010000.00000101010001010100010000033235
010000668000000051322503247529690031139285    36512312025000010000.00000101010001010100010000033235
010000668000000051322503251278785094247401    36512312025000010000.00000101010001010100010000033235
010000668000000051322503261108462648318049    36512312025000010000.00000101010001010100010000033235
010000668000000051322503271342517678209565    36512312025000010000.00000101010001010100010000033235
010000668000000051322503282796797098250435    36512312025000010000.00000101010001010100010000033235
010000668000000051322503297830894684192262    36512312025000010000.00000101010001010100010000033235
010000668000000051322503303591068925108616    36512312025000010000.00000101010001010100010000033235
010000668000000051322503316446065503950073    36512312025000010000.00000101010001010100010000033235
010000668000000051322503325148544697275072    36512312025000010000.00000101010001010100010000033235
010000668000000051322503331242803990430567    36512312025000010000.00000101010001010100010000033235
010000668000000051322503348714696458783554    36512312025000010000.00000101010001010100010000033235
010000668000000051322503351280468773390684    36512312025000010000.00000101010001010100010000033235
010000668000000051322503365956592412002142    36512312025000010000.00000101010001010100010000033235
010000668000000051322503371993398191972164    36512312025000010000.00000101010001010100010000033235
010000668000000051322503381543389326967605    36512312025000010000.00000101010001010100010000033235
010000668000000051322503391325142379352615    36512312025000010000.00000101010001010100010000033235
010000668000000051322503408055597749750489    36512312025000010000.00000101010001010100010000033235
010000668000000051322503417008032942609432    36512312025000010000.00000101010001010100010000033235
010000668000000051322503424813204494335479    36512312025000010000.00000101010001010100010000033235
010000668000000051322503439348138891900092    36512312025000010000.00000101010001010100010000033235
010000668000000051322503441132183270843528    36512312025000010000.00000101010001010100010000033235
010000668000000051322503452058568349519363    36512312025000010000.00000101010001010100010000033235
010000668000000051322503463238130727322477    36512312025000010000.00000101010001010100010000033235
010000668000000051322503472325996083387464    36512312025000010000.00000101010001010100010000033235
010000668000000051322503488263005671597632    36512312025000010000.00000101010001010100010000033235
010000668000000051322503493356299016238353    36512312025000010000.00000101010001010100010000033235
010000668000000051322503501410264804715978    36512312025000010000.00000101010001010100010000033235
010000668000000051322503511668163118124588    36512312025000010000.00000101010001010100010000033235
010000668000000051322503523106259546567868    36512312025000010000.00000101010001010100010000033235
010000668000000051322503539510728016504638    36512312025000010000.00000101010001010100010000033235
010000668000000051322503541426067312418702    36512312025000010000.00000101010001010100010000033235
010000668000000051322503553263992911179092    36512312025000010000.00000101010001010100010000033235
010000668000000051322503561175020642967253    36512312025000010000.00000101010001010100010000033235
010000668000000051322503572970745613640307    36512312025000010000.00000101010001010100010000033235
010000668000000051322503588972880166131996    36512312025000010000.00000101010001010100010000033235
010000668000000051322503591611967026740007    36512312025000010000.00000101010001010100010000033235
010000668000000051322503602258072763039751    36512312025000010000.00000101010001010100010000033235
010000668000000051322503616318677911803620    36512312025000010000.00000101010001010100010000033235
010000668000000051322503624301661962867783    36512312025000010000.00000101010001010100010000033235
010000668000000051322503638839662182118364    36512312025000010000.00000101010001010100010000033235
010000668000000051322503646016859938812859    36512312025000010000.00000101010001010100010000033235
010000668000000051322503651345456491450445    36512312025000010000.00000101010001010100010000033235
010000668000000051322503661446207989337611    36512312025000010000.00000101010001010100010000033235
010000668000000051322503675911489934624741    36512312025000010000.00000101010001010100010000033235
010000668000000051322503683641330951635474    36512312025000010000.00000101010001010100010000033235
010000668000000051322503693141259947442228    36512312025000010000.00000101010001010100010000033235
010000668000000051322503708236924247041885    36512312025000010000.00000101010001010100010000033235
010000668000000051322503711875410408949457    36512312025000010000.00000101010001010100010000033235
010000668000000051322503726368871238944023    36512312025000010000.00000101010001010100010000033235
010000668000000051322503734795171449721823    36512312025000010000.00000101010001010100010000033235
010000668000000051322503741617612697122842    36512312025000010000.00000101010001010100010000033235
010000668000000051322503755868694284795423    36512312025000010000.00000101010001010100010000033235
010000668000000051322503761477086226435303    36512312025000010000.00000101010001010100010000033235
010000668000000051322503773884796541782297    36512312025000010000.00000101010001010100010000033235
010000668000000051322503785690361642405069    36512312025000010000.00000101010001010100010000033235
010000668000000051322503796455791397757966    36512312025000010000.00000101010001010100010000033235
010000668000000051322503806336045421280742    36512312025000010000.00000101010001010100010000033235
010000668000000051322503812562356555278889    36512312025000010000.00000101010001010100010000033235
010000668000000051322503824142912622093098    36512312025000010000.00000101010001010100010000033235
010000668000000051322503836507899755672442    36512312025000010000.00000101010001010100010000033235
010000668000000051322503843096822506020268    36512312025000010000.00000101010001010100010000033235
010000668000000051322503851154133566949039    36512312025000010000.00000101010001010100010000033235
010000668000000051322503863646299882064749    36512312025000010000.00000101010001010100010000033235
010000668000000051322503871559874309910488    36512312025000010000.00000101010001010100010000033235
010000668000000051322503886695820436518041    36512312025000010000.00000101010001010100010000033235
010000668000000051322503899716666367576089    36512312025000010000.00000101010001010100010000033235
010000668000000051322503908241481267698039    36512312025000010000.00000101010001010100010000033235