010003234100000051322511721037590043735283    36512312025000002000.00000101010001010100010000006668
010003234100000051322511737792104980407552    36512312025000002000.00000101010001010100010000006668
010003234100000051322511742324827442870374    36512312025000002000.00000101010001010100010000006668
010003234100000051322511756294827093681494    36512312025000002000.00000101010001010100010000006668
010003234100000051322511761357521706542507    36512312025000002000.00000101010001010100010000006668
010003234100000051322511771991452234318651    36512312025000002000.00000101010001010100010000006668
010003234100000051322511787674959332139650    36512312025000002000.00000101010001010100010000006668
010003234100000051322511796142717019308013    36512312025000002000.00000101010001010100010000006668
010003234100000051322511808750018210382910    36512312025000002000.00000101010001010100010000006668
010003234100000051322511812606008892664482    36512312025000002000.00000101010001010100010000006668
010003234100000051322511821941248537664262    36512312025000002000.00000101010001010100010000006668
010003234100000051322511831861932304558624    36512312025000002000.00000101010001010100010000006668
010003234100000051322511844288956932559923    36512312025000002000.00000101010001010100010000006668
010003234100000051322511859809883031907143    36512312025000002000.00000101010001010100010000006668
010003234100000051322511861295090076703956    36512312025000002000.00000101010001010100010000006668
010003234100000051322511871574849565971391    36512312025000002000.00000101010001010100010000006668
010003234100000051322511885652490778378537    36512312025000002000.00000101010001010100010000006668
010003234100000051322511898463684839376928    36512312025000002000.00000101010001010100010000006668
010003234100000051322511901164079180841228    36512312025000002000.00000101010001010100010000006668
010003234100000051322511911227422675146329    36512312025000002000.00000101010001010100010000006668
010003234100000051322511928893870709943333    36512312025000002000.00000101010001010100010000006668
010003234100000051322511938436832543280415    36512312025000002000.00000101010001010100010000006668
010003234100000051322511941561679489235555    36512312025000002000.00000101010001010100010000006668
010003234100000051322511951071805234118046    36512312025000002000.00000101010001010100010000006668
010003234100000051322511961236447351733009    36512312025000002000.00000101010001010100010000006668
010003234100000051322511976635362972963245    36512312025000002000.00000101010001010100010000006668
010003234100000051322511981068605804518185    36512312025000002000.00000101010001010100010000006668
010003234100000051322511996836821835980547    36512312025000002000.00000101010001010100010000006668
010003234100000051322512006983435099592612    36512312025000002000.00000101010001010100010000006668
010003234100000051322512011733540436936007    36512312025000002000.00000101010001010100010000006668
010003234100000051322512021075965457856522    36512312025000002000.00000101010001010100010000006668
010003234100000051322512034390111518944481    36512312025000002000.00000101010001010100010000006668
010003234100000051322512043455535893079161    36512312025000002000.00000101010001010100010000006668
010003234100000051322512051214485954458325    36512312025000002000.00000101010001010100010000006668
010003234100000051322512061454767325146414    36512312025000002000.00000101010001010100010000006668
010003234100000051322512073966522707673944    36512312025000002000.00000101010001010100010000006668
010003234100000051322512081400960341992483    36512312025000002000.00000101010001010100010000006668
010003234100000051322512092546547492715244    36512312025000002000.00000101010001010100010000006668
010003234100000051322512101616175950410121    36512312025000002000.00000101010001010100010000006668
010003234100000051322512114239379031328088    36512312025000002000.00000101010001010100010000006668
010003234100000051322512125299848258005761    36512312025000002000.00000101010001010100010000006668
010003234100000051322512133944838148673461    36512312025000002000.00000101010001010100010000006668
010003234100000051322512148714615312351161    36512312025000002000.00000101010001010100010000006668
010003234100000051322512151383745741229286    36512312025000002000.00000101010001010100010000006668
010003234100000051322512165680656570805646    36512312025000002000.00000101010001010100010000006668
010003234100000051322512171083409669923685    36512312025000002000.00000101010001010100010000006668
010003234100000051322512188399842201985862    36512312025000002000.00000101010001010100010000006668
010003234100000051322512192244424292773443    36512312025000002000.00000101010001010100010000006668
010003234100000051322512207938794916007245    36512312025000002000.00000101010001010100010000006668
010003234100000051322512211067213694831233    36512312025000002000.00000101010001010100010000006668
010003234100000051322512229381168229348870    36512312025000002000.00000101010001010100010000006668
010003234100000051322512237851288796904790    36512312025000002000.00000101010001010100010000006668
010003234100000051322512241882854608020362    36512312025000002000.00000101010001010100010000006668
010003234100000051322512254838638785849097    36512312025000002000.00000101010001010100010000006668
010003234100000051322512261159665792391505    36512312025000002000.00000101010001010100010000006668
010003234100000051322512271639285488664586    36512312025000002000.00000101010001010100010000006668
010003234100000051322512287767671439924270    36512312025000002000.00000101010001010100010000006668
010003234100000051322512294906992043137653    36512312025000002000.00000101010001010100010000006668
010003234100000051322512307954047551601022    36512312025000002000.00000101010001010100010000006668
010003234100000051322512315634869793793871    36512312025000002000.00000101010001010100010000006668
010003234100000051322512321348277897472467    36512312025000002000.00000101010001010100010000006668
010003234100000051322512335466979717100557    36512312025000002000.00000101010001010100010000006668
010003234100000051322512349697365795890463    36512312025000002000.00000101010001010100010000006668
010003234100000051322512353144387361341293    36512312025000002000.00000101010001010100010000006668
010003234100000051322512363439643572904633    36512312025000002000.00000101010001010100010000006668
010003234100000051322512378139267266957762    36512312025000002000.00000101010001010100010000006668
010003234100000051322512381248405223250434    36512312025000002000.00000101010001010100010000006668
010003234100000051322512391226283390924156    36512312025000002000.00000101010001010100010000006668
010003234100000051322512409629062990824793    36512312025000002000.00000101010001010100010000006668
010003234100000051322512411643587480206006    36512312025000002000.00000101010001010100010000006668
010003234100000051322512423611677216806020    36512312025000002000.00000101010001010100010000006668
010003234100000051322512432993147568432840    36512312025000002000.00000101010001010100010000006668
010003234100000051322512442981670006099683    36512312025000002000.00000101010001010100010000006668
010003234100000051322512451039773810994382    36512312025000002000.00000101010001010100010000006668
010003234100000051322512461272025566117947    36512312025000002000.00000101010001010100010000006668
010003234100000051322512471504788918040808    36512312025000002000.00000101010001010100010000006668
010003234100000051322512488623711071190593    36512312025000002000.00000101010001010100010000006668
010003234100000051322512494090613143811530    36512312025000002000.00000101010001010100010000006668
010003234100000051322512501596551288855609    36512312025000002000.00000101010001010100010000006668
010003234100000051322512511221369155906408    36512312025000002000.00000101010001010100010000006668
010003234100000051322512523755934605305397    36512312025000002000.00000101010001010100010000006668
010003234100000051322512535342251142775986    36512312025000002000.00000101010001010100010000006668
010003234100000051322512541652117802640472    36512312025000002000.00000101010001010100010000006668
010003234100000051322512556749155233299483    36512312025000002000.00000101010001010100010000006668
010003234100000051322512568825496606580535    36512312025000002000.00000101010001010100010000006668
010003234100000051322512571811195914663081    36512312025000002000.00000101010001010100010000006668
010003234100000051322512584690544869836361    36512312025000002000.00000101010001010100010000006668
010003234100000051322512594565232307192943    36512312025000002000.00000101010001010100010000006668
010003234100000051322512609088839400266841    36512312025000002000.00000101010001010100010000006668
010003234100000051322512611088214544209408    36512312025000002000.00000101010001010100010000006668
010003234100000051322512623374532367820231    36512312025000002000.00000101010001010100010000006668
010003234100000051322512636695138788410091    36512312025000002000.00000101010001010100010000006668
010003234100000051322512648563822520318015    36512312025000002000.00000101010001010100010000006668
010003234100000051322512652301078399531197    36512312025000002000.00000101010001010100010000006668
010003234100000051322512661302946322325073    36512312025000002000.00000101010001010100010000006668
010003234100000051322512675581347863815888    36512312025000002000.00000101010001010100010000006668
010003234100000051322512681734896183162824    36512312025000002000.00000101010001010100010000006668
010003234100000051322512695617104351354060    36512312025000002000.00000101010001010100010000006668
010003234100000051322512706676906988328562    36512312025000002000.00000101010001010100010000006668
010003234100000051322512716789581764279393    36512312025000002000.00000101010001010100010000006668
010003234100000051322512723934005371503277    36512312025000002000.00000101010001010100010000006668
010003234100000051322512734862938964471032    36512312025000002000.00000101010001010100010000006668
010003234100000051322512749104418102524824    36512312025000002000.00000101010001010100010000006668
010003234100000051322512751081369963726422    36512312025000002000.00000101010001010100010000006668
010003234100000051322512762053527934230081    36512312025000002000.00000101010001010100010000006668
010003234100000051322512775473536458280056    36512312025000002000.00000101010001010100010000006668
010003234100000051322512781483940367332943    36512312025000002000.00000101010001010100010000006668
010003234100000051322512792232163073124095    36512312025000002000.00000101010001010100010000006668
010003234100000051322512803933982397465917    36512312025000002000.00000101010001010100010000006668
010003234100000051322512812438044281057072    36512312025000002000.00000101010001010100010000006668
010003234100000051322512828990380704582019    36512312025000002000.00000101010001010100010000006668
010003234100000051322512832173591905342088    36512312025000002000.00000101010001010100010000006668
010003234100000051322512849813318204536481    36512312025000002000.00000101010001010100010000006668
010003234100000051322512854742853685344097    36512312025000002000.00000101010001010100010000006668
010003234100000051322512861718345827057908    36512312025000002000.00000101010001010100010000006668
010003234100000051322512872795292030856321    36512312025000002000.00000101010001010100010000006668
010003234100000051322512885828293718482883    36512312025000002000.00000101010001010100010000006668
010003234100000051322512896814703837402049    36512312025000002000.00000101010001010100010000006668
010003234100000051322512904641690500290886    36512312025000002000.00000101010001010100010000006668
010003234100000051322512917926109004849256    36512312025000002000.00000101010001010100010000006668
010003234100000051322512921294481864716489    36512312025000002000.00000101010001010100010000006668
010003234100000051322512931242122543597741    36512312025000002000.00000101010001010100010000006668
010003234100000051322512941589779107478997    36512312025000002000.00000101010001010100010000006668
010003234100000051322512951281994051320051    36512312025000002000.00000101010001010100010000006668
010003234100000051322512967265439535848092    36512312025000002000.00000101010001010100010000006668
010003234100000051322512977520724957561256    36512312025000002000.00000101010001010100010000006668
010003234100000051322512981965545278875562    36512312025000002000.00000101010001010100010000006668
010003234100000051322512996289951376075376    36512312025000002000.00000101010001010100010000006668
010003234100000051322513005415217817058543    36512312025000002000.00000101010001010100010000006668
010003234100000051322513011156316124474227    36512312025000002000.00000101010001010100010000006668010000668700000051322511711814215548469508    36512312025000010000.00000101010001010100010000033235
010000668700000051322511721037590043735283    36512312025000010000.00000101010001010100010000033235
010000668700000051322511737792104980407552    36512312025000010000.00000101010001010100010000033235
010000668700000051322511742324827442870374    36512312025000010000.00000101010001010100010000033235
010000668700000051322511756294827093681494    36512312025000010000.00000101010001010100010000033235
010000668700000051322511761357521706542507    36512312025000010000.00000101010001010100010000033235
010000668700000051322511771991452234318651    36512312025000010000.00000101010001010100010000033235
010000668700000051322511787674959332139650    36512312025000010000.00000101010001010100010000033235
010000668700000051322511796142717019308013    36512312025000010000.00000101010001010100010000033235
010000668700000051322511808750018210382910    36512312025000010000.00000101010001010100010000033235
010000668700000051322511812606008892664482    36512312025000010000.00000101010001010100010000033235
010000668700000051322511821941248537664262    36512312025000010000.00000101010001010100010000033235
010000668700000051322511831861932304558624    36512312025000010000.00000101010001010100010000033235
010000668700000051322511844288956932559923    36512312025000010000.00000101010001010100010000033235
010000668700000051322511859809883031907143    36512312025000010000.00000101010001010100010000033235
010000668700000051322511861295090076703956    36512312025000010000.00000101010001010100010000033235
010000668700000051322511871574849565971391    36512312025000010000.00000101010001010100010000033235
010000668700000051322511885652490778378537    36512312025000010000.00000101010001010100010000033235
010000668700000051322511898463684839376928    36512312025000010000.00000101010001010100010000033235
010000668700000051322511901164079180841228    36512312025000010000.00000101010001010100010000033235
010000668700000051322511911227422675146329    36512312025000010000.00000101010001010100010000033235
010000668700000051322511928893870709943333    36512312025000010000.00000101010001010100010000033235
010000668700000051322511938436832543280415    36512312025000010000.00000101010001010100010000033235
010000668700000051322511941561679489235555    36512312025000010000.00000101010001010100010000033235
010000668700000051322511951071805234118046    36512312025000010000.00000101010001010100010000033235
010000668700000051322511961236447351733009    36512312025000010000.00000101010001010100010000033235
010000668700000051322511976635362972963245    36512312025000010000.00000101010001010100010000033235
010000668700000051322511981068605804518185    36512312025000010000.00000101010001010100010000033235
010000668700000051322511996836821835980547    36512312025000010000.00000101010001010100010000033235
010000668700000051322512006983435099592612    36512312025000010000.00000101010001010100010000033235
010000668700000051322512011733540436936007    36512312025000010000.00000101010001010100010000033235
010000668700000051322512021075965457856522    36512312025000010000.00000101010001010100010000033235
010000668700000051322512034390111518944481    36512312025000010000.00000101010001010100010000033235
010000668700000051322512043455535893079161    36512312025000010000.00000101010001010100010000033235
010000668700000051322512051214485954458325    36512312025000010000.00000101010001010100010000033235
010000668700000051322512061454767325146414    36512312025000010000.00000101010001010100010000033235
010000668700000051322512073966522707673944    36512312025000010000.00000101010001010100010000033235
010000668700000051322512081400960341992483    36512312025000010000.00000101010001010100010000033235
010000668700000051322512092546547492715244    36512312025000010000.00000101010001010100010000033235
010000668700000051322512101616175950410121    36512312025000010000.00000101010001010100010000033235
010000668700000051322512114239379031328088    36512312025000010000.00000101010001010100010000033235
010000668700000051322512125299848258005761    36512312025000010000.00000101010001010100010000033235
010000668700000051322512133944838148673461    36512312025000010000.00000101010001010100010000033235
010000668700000051322512148714615312351161    36512312025000010000.00000101010001010100010000033235
010000668700000051322512151383745741229286    36512312025000010000.00000101010001010100010000033235
010000668700000051322512165680656570805646    36512312025000010000.00000101010001010100010000033235
010000668700000051322512171083409669923685    36512312025000010000.00000101010001010100010000033235
010000668700000051322512188399842201985862    36512312025000010000.00000101010001010100010000033235
010000668700000051322512192244424292773443    36512312025000010000.00000101010001010100010000033235
010000668700000051322512207938794916007245    36512312025000010000.00000101010001010100010000033235
010000668700000051322512211067213694831233    36512312025000010000.00000101010001010100010000033235
010000668700000051322512229381168229348870    36512312025000010000.00000101010001010100010000033235
010000668700000051322512237851288796904790    36512312025000010000.00000101010001010100010000033235
010000668700000051322512241882854608020362    36512312025000010000.00000101010001010100010000033235
010000668700000051322512254838638785849097    36512312025000010000.00000101010001010100010000033235
010000668700000051322512261159665792391505    36512312025000010000.00000101010001010100010000033235
010000668700000051322512271639285488664586    36512312025000010000.00000101010001010100010000033235
010000668700000051322512287767671439924270    36512312025000010000.00000101010001010100010000033235
010000668700000051322512294906992043137653    36512312025000010000.00000101010001010100010000033235
010000668700000051322512307954047551601022    36512312025000010000.00000101010001010100010000033235
010000668700000051322512315634869793793871    36512312025000010000.00000101010001010100010000033235
010000668700000051322512321348277897472467    36512312025000010000.00000101010001010100010000033235
010000668700000051322512335466979717100557    36512312025000010000.00000101010001010100010000033235
010000668700000051322512349697365795890463    36512312025000010000.00000101010001010100010000033235
010000668700000051322512353144387361341293    36512312025000010000.00000101010001010100010000033235
010000668700000051322512363439643572904633    36512312025000010000.00000101010001010100010000033235
010000668700000051322512378139267266957762    36512312025000010000.00000101010001010100010000033235
010000668700000051322512381248405223250434    36512312025000010000.00000101010001010100010000033235
010000668700000051322512391226283390924156    36512312025000010000.00000101010001010100010000033235
010000668700000051322512409629062990824793    36512312025000010000.00000101010001010100010000033235
010000668700000051322512411643587480206006    36512312025000010000.00000101010001010100010000033235
010000668700000051322512423611677216806020    36512312025000010000.00000101010001010100010000033235
010000668700000051322512432993147568432840    36512312025000010000.00000101010001010100010000033235
010000668700000051322512442981670006099683    36512312025000010000.00000101010001010100010000033235
010000668700000051322512451039773810994382    36512312025000010000.00000101010001010100010000033235
010000668700000051322512461272025566117947    36512312025000010000.00000101010001010100010000033235
010000668700000051322512471504788918040808    36512312025000010000.00000101010001010100010000033235
010000668700000051322512488623711071190593    36512312025000010000.00000101010001010100010000033235
010000668700000051322512494090613143811530    36512312025000010000.00000101010001010100010000033235
010000668700000051322512501596551288855609    36512312025000010000.00000101010001010100010000033235
010000668700000051322512511221369155906408    36512312025000010000.00000101010001010100010000033235
010000668700000051322512523755934605305397    36512312025000010000.00000101010001010100010000033235
010000668700000051322512535342251142775986    36512312025000010000.00000101010001010100010000033235
010000668700000051322512541652117802640472    36512312025000010000.00000101010001010100010000033235
010000668700000051322512556749155233299483    36512312025000010000.00000101010001010100010000033235
010000668700000051322512568825496606580535    36512312025000010000.00000101010001010100010000033235
010000668700000051322512571811195914663081    36512312025000010000.00000101010001010100010000033235
010000668700000051322512584690544869836361    36512312025000010000.00000101010001010100010000033235
010000668700000051322512594565232307192943    36512312025000010000.00000101010001010100010000033235
010000668700000051322512609088839400266841    36512312025000010000.00000101010001010100010000033235
010000668700000051322512611088214544209408    36512312025000010000.00000101010001010100010000033235
010000668700000051322512623374532367820231    36512312025000010000.00000101010001010100010000033235
010000668700000051322512636695138788410091    36512312025000010000.00000101010001010100010000033235
010000668700000051322512648563822520318015    36512312025000010000.00000101010001010100010000033235
010000668700000051322512652301078399531197    36512312025000010000.00000101010001010100010000033235
010000668700000051322512661302946322325073    36512312025000010000.00000101010001010100010000033235
010000668700000051322512675581347863815888    36512312025000010000.00000101010001010100010000033235
010000668700000051322512681734896183162824    36512312025000010000.00000101010001010100010000033235
010000668700000051322512695617104351354060    36512312025000010000.00000101010001010100010000033235
010000668700000051322512706676906988328562    36512312025000010000.00000101010001010100010000033235
010000668700000051322512716789581764279393    36512312025000010000.00000101010001010100010000033235
010000668700000051322512723934005371503277    36512312025000010000.00000101010001010100010000033235
010000668700000051322512734862938964471032    36512312025000010000.00000101010001010100010000033235
010000668700000051322512749104418102524824    36512312025000010000.00000101010001010100010000033235
010000668700000051322512751081369963726422    36512312025000010000.00000101010001010100010000033235
010000668700000051322512762053527934230081    36512312025000010000.00000101010001010100010000033235
010000668700000051322512775473536458280056    36512312025000010000.00000101010001010100010000033235
010000668700000051322512781483940367332943    36512312025000010000.00000101010001010100010000033235
010000668700000051322512792232163073124095    36512312025000010000.00000101010001010100010000033235
010000668700000051322512803933982397465917    36512312025000010000.00000101010001010100010000033235
010000668700000051322512812438044281057072    36512312025000010000.00000101010001010100010000033235
010000668700000051322512828990380704582019    36512312025000010000.00000101010001010100010000033235
010000668700000051322512832173591905342088    36512312025000010000.00000101010001010100010000033235
010000668700000051322512849813318204536481    36512312025000010000.00000101010001010100010000033235
010000668700000051322512854742853685344097    36512312025000010000.00000101010001010100010000033235
010000668700000051322512861718345827057908    36512312025000010000.00000101010001010100010000033235
010000668700000051322512872795292030856321    36512312025000010000.00000101010001010100010000033235
010000668700000051322512885828293718482883    36512312025000010000.00000101010001010100010000033235
010000668700000051322512896814703837402049    36512312025000010000.00000101010001010100010000033235
010000668700000051322512904641690500290886    36512312025000010000.00000101010001010100010000033235
010000668700000051322512917926109004849256    36512312025000010000.00000101010001010100010000033235
010000668700000051322512921294481864716489    36512312025000010000.00000101010001010100010000033235
010000668700000051322512931242122543597741    36512312025000010000.00000101010001010100010000033235
010000668700000051322512941589779107478997    36512312025000010000.00000101010001010100010000033235
010000668700000051322512951281994051320051    36512312025000010000.00000101010001010100010000033235
010000668700000051322512967265439535848092    36512312025000010000.00000101010001010100010000033235
010000668700000051322512977520724957561256    36512312025000010000.00000101010001010100010000033235
010000668700000051322512981965545278875562    36512312025000010000.00000101010001010100010000033235
010000668700000051322512996289951376075376    36512312025000010000.00000101010001010100010000033235
010000668700000051322513005415217817058543    36512312025000010000.00000101010001010100010000033235