010003233500000051322503924474339154439079    36512312025000002000.00000101010001010100010000006668
010003233500000051322503931000389587943693    36512312025000002000.00000101010001010100010000006668
010003233500000051322503945624780192870272    36512312025000002000.00000101010001010100010000006668
010003233500000051322503955634034963062341    36512312025000002000.00000101010001010100010000006668
010003233500000051322503962732373182945926    36512312025000002000.00000101010001010100010000006668
010003233500000051322503975613776784500598    36512312025000002000.00000101010001010100010000006668
010003233500000051322503981647174056106542    36512312025000002000.00000101010001010100010000006668
010003233500000051322503991381222619602069    36512312025000002000.00000101010001010100010000006668
010003233500000051322504007370241794150064    36512312025000002000.00000101010001010100010000006668
010003233500000051322504017457925265614273    36512312025000002000.00000101010001010100010000006668
010003233500000051322504025861809252032058    36512312025000002000.00000101010001010100010000006668
010003233500000051322504031935106611178577    36512312025000002000.00000101010001010100010000006668
010003233500000051322504046623820814185027    36512312025000002000.00000101010001010100010000006668
010003233500000051322504051868458679505020    36512312025000002000.00000101010001010100010000006668
010003233500000051322504061309552534658832    36512312025000002000.00000101010001010100010000006668
010003233500000051322504071711993977281409    36512312025000002000.00000101010001010100010000006668
010003233500000051322504086575769784681829    36512312025000002000.00000101010001010100010000006668
010003233500000051322504093007426464831630    36512312025000002000.00000101010001010100010000006668
010003233500000051322504102682322870103848    36512312025000002000.00000101010001010100010000006668
010003233500000051322504114062722304701250    36512312025000002000.00000101010001010100010000006668
010003233500000051322504121365154063064809    36512312025000002000.00000101010001010100010000006668
010003233500000051322504131344624529206423    36512312025000002000.00000101010001010100010000006668
010003233500000051322504147736002202894422    36512312025000002000.00000101010001010100010000006668
010003233500000051322504159604506023661888    36512312025000002000.00000101010001010100010000006668
010003233500000051322504161812294152009671    36512312025000002000.00000101010001010100010000006668
010003233500000051322504176805434155578432    36512312025000002000.00000101010001010100010000006668
010003233500000051322504186263731397445049    36512312025000002000.00000101010001010100010000006668
010003233500000051322504191241865953820007    36512312025000002000.00000101010001010100010000006668
010003233500000051322504201354777192020429    36512312025000002000.00000101010001010100010000006668
010003233500000051322504218230469278906125    36512312025000002000.00000101010001010100010000006668
010003233500000051322504225440527383769260    36512312025000002000.00000101010001010100010000006668
010003233500000051322504234740908073533010    36512312025000002000.00000101010001010100010000006668
010003233500000051322504244049538841243642    36512312025000002000.00000101010001010100010000006668
010003233500000051322504256649275200796845    36512312025000002000.00000101010001010100010000006668
010003233500000051322504261663793337583850    36512312025000002000.00000101010001010100010000006668
010003233500000051322504279621751970421210    36512312025000002000.00000101010001010100010000006668
010003233500000051322504286040314536291531    36512312025000002000.00000101010001010100010000006668
010003233500000051322504294839261752472068    36512312025000002000.00000101010001010100010000006668
010003233500000051322504307783106264364943    36512312025000002000.00000101010001010100010000006668
010003233500000051322504317374537281388288    36512312025000002000.00000101010001010100010000006668
010003233500000051322504322910892340557060    36512312025000002000.00000101010001010100010000006668
010003233500000051322504335468902377975071    36512312025000002000.00000101010001010100010000006668
010003233500000051322504342336945256511641    36512312025000002000.00000101010001010100010000006668
010003233500000051322504351744800026104701    36512312025000002000.00000101010001010100010000006668
010003233500000051322504361735291025541780    36512312025000002000.00000101010001010100010000006668
010003233500000051322504372479161928640254    36512312025000002000.00000101010001010100010000006668
010003233500000051322504381150121359562753    36512312025000002000.00000101010001010100010000006668
010003233500000051322504397413858154775977    36512312025000002000.00000101010001010100010000006668
010003233500000051322504401831708812666248    36512312025000002000.00000101010001010100010000006668
010003233500000051322504416424357173067619    36512312025000002000.00000101010001010100010000006668
010003233500000051322504421955035403307008    36512312025000002000.00000101010001010100010000006668
010003233500000051322504431267705389018244    36512312025000002000.00000101010001010100010000006668
010003233500000051322504445760179113227015    36512312025000002000.00000101010001010100010000006668
010003233500000051322504452266928020660642    36512312025000002000.00000101010001010100010000006668
010003233500000051322504463139539572720049    36512312025000002000.00000101010001010100010000006668
010003233500000051322504473188062598010415    36512312025000002000.00000101010001010100010000006668
010003233500000051322504482204586169120099    36512312025000002000.00000101010001010100010000006668
010003233500000051322504496335350784053223    36512312025000002000.00000101010001010100010000006668
010003233500000051322504503523232288740540    36512312025000002000.00000101010001010100010000006668
010003233500000051322504511136965612273684    36512312025000002000.00000101010001010100010000006668
010003233500000051322504527183693244998019    36512312025000002000.00000101010001010100010000006668
010003233500000051322504531122090466595807    36512312025000002000.00000101010001010100010000006668
010003233500000051322504541327218220647287    36512312025000002000.00000101010001010100010000006668
010003233500000051322504551061220638938209    36512312025000002000.00000101010001010100010000006668
010003233500000051322504565617008866917559    36512312025000002000.00000101010001010100010000006668
010003233500000051322504572651060459983086    36512312025000002000.00000101010001010100010000006668
010003233500000051322504581505707940462906    36512312025000002000.00000101010001010100010000006668
010003233500000051322504591266622495624448    36512312025000002000.00000101010001010100010000006668
010003233500000051322504601444103958499488    36512312025000002000.00000101010001010100010000006668
010003233500000051322504611306628522888767    36512312025000002000.00000101010001010100010000006668
010003233500000051322504621152856547097481    36512312025000002000.00000101010001010100010000006668
010003233500000051322504631688967281510601    36512312025000002000.00000101010001010100010000006668
010003233500000051322504645304223070803060    36512312025000002000.00000101010001010100010000006668
010003233500000051322504654722695495182595    36512312025000002000.00000101010001010100010000006668
010003233500000051322504663795183200949075    36512312025000002000.00000101010001010100010000006668
010003233500000051322504673987166753567234    36512312025000002000.00000101010001010100010000006668
010003233500000051322504683606194468725533    36512312025000002000.00000101010001010100010000006668
010003233500000051322504696363888055094724    36512312025000002000.00000101010001010100010000006668
010003233500000051322504703180329194157617    36512312025000002000.00000101010001010100010000006668
010003233500000051322504716401103694216837    36512312025000002000.00000101010001010100010000006668
010003233500000051322504726621874493559058    36512312025000002000.00000101010001010100010000006668
010003233500000051322504736650685467697641    36512312025000002000.00000101010001010100010000006668
010003233500000051322504746158036756352590    36512312025000002000.00000101010001010100010000006668
010003233500000051322504756326433574095415    36512312025000002000.00000101010001010100010000006668
010003233500000051322504761097551065385454    36512312025000002000.00000101010001010100010000006668
010003233500000051322504771778747485236684    36512312025000002000.00000101010001010100010000006668
010003233500000051322504781704041560159204    36512312025000002000.00000101010001010100010000006668
010003233500000051322504795523489946765068    36512312025000002000.00000101010001010100010000006668
010003233500000051322504804485705060068850    36512312025000002000.00000101010001010100010000006668
010003233500000051322504811208291250821525    36512312025000002000.00000101010001010100010000006668
010003233500000051322504822416839406327577    36512312025000002000.00000101010001010100010000006668
010003233500000051322504831025365634969321    36512312025000002000.00000101010001010100010000006668
010003233500000051322504844431700687019537    36512312025000002000.00000101010001010100010000006668
010003233500000051322504851633777735657496    36512312025000002000.00000101010001010100010000006668
010003233500000051322504861626228902017222    36512312025000002000.00000101010001010100010000006668
010003233500000051322504878358128254701020    36512312025000002000.00000101010001010100010000006668
010003233500000051322504884609092087473954    36512312025000002000.00000101010001010100010000006668
010003233500000051322504896337664664420864    36512312025000002000.00000101010001010100010000006668
010003233500000051322504907161303604612511    36512312025000002000.00000101010001010100010000006668
010003233500000051322504913065861805660922    36512312025000002000.00000101010001010100010000006668
010003233500000051322504922773637540227086    36512312025000002000.00000101010001010100010000006668
010003233500000051322504931002016222638256    36512312025000002000.00000101010001010100010000006668
010003233500000051322504941510836328891359    36512312025000002000.00000101010001010100010000006668
010003233500000051322504951198555430802006    36512312025000002000.00000101010001010100010000006668
010003233500000051322504969683868750995064    36512312025000002000.00000101010001010100010000006668
010003233500000051322504971061985362134286    36512312025000002000.00000101010001010100010000006668
010003233500000051322504982476503578899556    36512312025000002000.00000101010001010100010000006668
010003233500000051322504991863495718560062    36512312025000002000.00000101010001010100010000006668
010003233500000051322505004833217662840756    36512312025000002000.00000101010001010100010000006668
010003233500000051322505014723660357929184    36512312025000002000.00000101010001010100010000006668
010003233500000051322505027829634352300785    36512312025000002000.00000101010001010100010000006668
010003233500000051322505035355938438855291    36512312025000002000.00000101010001010100010000006668
010003233500000051322505041032929449867054    36512312025000002000.00000101010001010100010000006668
010003233500000051322505052078751543535495    36512312025000002000.00000101010001010100010000006668
010003233500000051322505062269477636823798    36512312025000002000.00000101010001010100010000006668
010003233500000051322505071681717866228002    36512312025000002000.00000101010001010100010000006668
010003233500000051322505081238299734892989    36512312025000002000.00000101010001010100010000006668
010003233500000051322505091238450726840602    36512312025000002000.00000101010001010100010000006668
010003233500000051322505107566970229909094    36512312025000002000.00000101010001010100010000006668
010003233500000051322505117139515054857311    36512312025000002000.00000101010001010100010000006668
010003233500000051322505123845672696456782    36512312025000002000.00000101010001010100010000006668
010003233500000051322505131715613956102209    36512312025000002000.00000101010001010100010000006668
010003233500000051322505145742566046966374    36512312025000002000.00000101010001010100010000006668
010003233500000051322505151703288502468073    36512312025000002000.00000101010001010100010000006668
010003233500000051322505169796993907832048    36512312025000002000.00000101010001010100010000006668
010003233500000051322505174657105663095644    36512312025000002000.00000101010001010100010000006668
010003233500000051322505184664481304392088    36512312025000002000.00000101010001010100010000006668
010003233500000051322505198107236581690168    36512312025000002000.00000101010001010100010000006668
010003233500000051322505208311419298049654    36512312025000002000.00000101010001010100010000006668
010003233500000051322505211001436378067446    36512312025000002000.00000101010001010100010000006668010000668100000051322503911434577295409498    36512312025000010000.00000101010001010100010000033235
010000668100000051322503924474339154439079    36512312025000010000.00000101010001010100010000033235
010000668100000051322503931000389587943693    36512312025000010000.00000101010001010100010000033235
010000668100000051322503945624780192870272    36512312025000010000.00000101010001010100010000033235
010000668100000051322503955634034963062341    36512312025000010000.00000101010001010100010000033235
010000668100000051322503962732373182945926    36512312025000010000.00000101010001010100010000033235
010000668100000051322503975613776784500598    36512312025000010000.00000101010001010100010000033235
010000668100000051322503981647174056106542    36512312025000010000.00000101010001010100010000033235
010000668100000051322503991381222619602069    36512312025000010000.00000101010001010100010000033235
010000668100000051322504007370241794150064    36512312025000010000.00000101010001010100010000033235
010000668100000051322504017457925265614273    36512312025000010000.00000101010001010100010000033235
010000668100000051322504025861809252032058    36512312025000010000.00000101010001010100010000033235
010000668100000051322504031935106611178577    36512312025000010000.00000101010001010100010000033235
010000668100000051322504046623820814185027    36512312025000010000.00000101010001010100010000033235
010000668100000051322504051868458679505020    36512312025000010000.00000101010001010100010000033235
010000668100000051322504061309552534658832    36512312025000010000.00000101010001010100010000033235
010000668100000051322504071711993977281409    36512312025000010000.00000101010001010100010000033235
010000668100000051322504086575769784681829    36512312025000010000.00000101010001010100010000033235
010000668100000051322504093007426464831630    36512312025000010000.00000101010001010100010000033235
010000668100000051322504102682322870103848    36512312025000010000.00000101010001010100010000033235
010000668100000051322504114062722304701250    36512312025000010000.00000101010001010100010000033235
010000668100000051322504121365154063064809    36512312025000010000.00000101010001010100010000033235
010000668100000051322504131344624529206423    36512312025000010000.00000101010001010100010000033235
010000668100000051322504147736002202894422    36512312025000010000.00000101010001010100010000033235
010000668100000051322504159604506023661888    36512312025000010000.00000101010001010100010000033235
010000668100000051322504161812294152009671    36512312025000010000.00000101010001010100010000033235
010000668100000051322504176805434155578432    36512312025000010000.00000101010001010100010000033235
010000668100000051322504186263731397445049    36512312025000010000.00000101010001010100010000033235
010000668100000051322504191241865953820007    36512312025000010000.00000101010001010100010000033235
010000668100000051322504201354777192020429    36512312025000010000.00000101010001010100010000033235
010000668100000051322504218230469278906125    36512312025000010000.00000101010001010100010000033235
010000668100000051322504225440527383769260    36512312025000010000.00000101010001010100010000033235
010000668100000051322504234740908073533010    36512312025000010000.00000101010001010100010000033235
010000668100000051322504244049538841243642    36512312025000010000.00000101010001010100010000033235
010000668100000051322504256649275200796845    36512312025000010000.00000101010001010100010000033235
010000668100000051322504261663793337583850    36512312025000010000.00000101010001010100010000033235
010000668100000051322504279621751970421210    36512312025000010000.00000101010001010100010000033235
010000668100000051322504286040314536291531    36512312025000010000.00000101010001010100010000033235
010000668100000051322504294839261752472068    36512312025000010000.00000101010001010100010000033235
010000668100000051322504307783106264364943    36512312025000010000.00000101010001010100010000033235
010000668100000051322504317374537281388288    36512312025000010000.00000101010001010100010000033235
010000668100000051322504322910892340557060    36512312025000010000.00000101010001010100010000033235
010000668100000051322504335468902377975071    36512312025000010000.00000101010001010100010000033235
010000668100000051322504342336945256511641    36512312025000010000.00000101010001010100010000033235
010000668100000051322504351744800026104701    36512312025000010000.00000101010001010100010000033235
010000668100000051322504361735291025541780    36512312025000010000.00000101010001010100010000033235
010000668100000051322504372479161928640254    36512312025000010000.00000101010001010100010000033235
010000668100000051322504381150121359562753    36512312025000010000.00000101010001010100010000033235
010000668100000051322504397413858154775977    36512312025000010000.00000101010001010100010000033235
010000668100000051322504401831708812666248    36512312025000010000.00000101010001010100010000033235
010000668100000051322504416424357173067619    36512312025000010000.00000101010001010100010000033235
010000668100000051322504421955035403307008    36512312025000010000.00000101010001010100010000033235
010000668100000051322504431267705389018244    36512312025000010000.00000101010001010100010000033235
010000668100000051322504445760179113227015    36512312025000010000.00000101010001010100010000033235
010000668100000051322504452266928020660642    36512312025000010000.00000101010001010100010000033235
010000668100000051322504463139539572720049    36512312025000010000.00000101010001010100010000033235
010000668100000051322504473188062598010415    36512312025000010000.00000101010001010100010000033235
010000668100000051322504482204586169120099    36512312025000010000.00000101010001010100010000033235
010000668100000051322504496335350784053223    36512312025000010000.00000101010001010100010000033235
010000668100000051322504503523232288740540    36512312025000010000.00000101010001010100010000033235
010000668100000051322504511136965612273684    36512312025000010000.00000101010001010100010000033235
010000668100000051322504527183693244998019    36512312025000010000.00000101010001010100010000033235
010000668100000051322504531122090466595807    36512312025000010000.00000101010001010100010000033235
010000668100000051322504541327218220647287    36512312025000010000.00000101010001010100010000033235
010000668100000051322504551061220638938209    36512312025000010000.00000101010001010100010000033235
010000668100000051322504565617008866917559    36512312025000010000.00000101010001010100010000033235
010000668100000051322504572651060459983086    36512312025000010000.00000101010001010100010000033235
010000668100000051322504581505707940462906    36512312025000010000.00000101010001010100010000033235
010000668100000051322504591266622495624448    36512312025000010000.00000101010001010100010000033235
010000668100000051322504601444103958499488    36512312025000010000.00000101010001010100010000033235
010000668100000051322504611306628522888767    36512312025000010000.00000101010001010100010000033235
010000668100000051322504621152856547097481    36512312025000010000.00000101010001010100010000033235
010000668100000051322504631688967281510601    36512312025000010000.00000101010001010100010000033235
010000668100000051322504645304223070803060    36512312025000010000.00000101010001010100010000033235
010000668100000051322504654722695495182595    36512312025000010000.00000101010001010100010000033235
010000668100000051322504663795183200949075    36512312025000010000.00000101010001010100010000033235
010000668100000051322504673987166753567234    36512312025000010000.00000101010001010100010000033235
010000668100000051322504683606194468725533    36512312025000010000.00000101010001010100010000033235
010000668100000051322504696363888055094724    36512312025000010000.00000101010001010100010000033235
010000668100000051322504703180329194157617    36512312025000010000.00000101010001010100010000033235
010000668100000051322504716401103694216837    36512312025000010000.00000101010001010100010000033235
010000668100000051322504726621874493559058    36512312025000010000.00000101010001010100010000033235
010000668100000051322504736650685467697641    36512312025000010000.00000101010001010100010000033235
010000668100000051322504746158036756352590    36512312025000010000.00000101010001010100010000033235
010000668100000051322504756326433574095415    36512312025000010000.00000101010001010100010000033235
010000668100000051322504761097551065385454    36512312025000010000.00000101010001010100010000033235
010000668100000051322504771778747485236684    36512312025000010000.00000101010001010100010000033235
010000668100000051322504781704041560159204    36512312025000010000.00000101010001010100010000033235
010000668100000051322504795523489946765068    36512312025000010000.00000101010001010100010000033235
010000668100000051322504804485705060068850    36512312025000010000.00000101010001010100010000033235
010000668100000051322504811208291250821525    36512312025000010000.00000101010001010100010000033235
010000668100000051322504822416839406327577    36512312025000010000.00000101010001010100010000033235
010000668100000051322504831025365634969321    36512312025000010000.00000101010001010100010000033235
010000668100000051322504844431700687019537    36512312025000010000.00000101010001010100010000033235
010000668100000051322504851633777735657496    36512312025000010000.00000101010001010100010000033235
010000668100000051322504861626228902017222    36512312025000010000.00000101010001010100010000033235
010000668100000051322504878358128254701020    36512312025000010000.00000101010001010100010000033235
010000668100000051322504884609092087473954    36512312025000010000.00000101010001010100010000033235
010000668100000051322504896337664664420864    36512312025000010000.00000101010001010100010000033235
010000668100000051322504907161303604612511    36512312025000010000.00000101010001010100010000033235
010000668100000051322504913065861805660922    36512312025000010000.00000101010001010100010000033235
010000668100000051322504922773637540227086    36512312025000010000.00000101010001010100010000033235
010000668100000051322504931002016222638256    36512312025000010000.00000101010001010100010000033235
010000668100000051322504941510836328891359    36512312025000010000.00000101010001010100010000033235
010000668100000051322504951198555430802006    36512312025000010000.00000101010001010100010000033235
010000668100000051322504969683868750995064    36512312025000010000.00000101010001010100010000033235
010000668100000051322504971061985362134286    36512312025000010000.00000101010001010100010000033235
010000668100000051322504982476503578899556    36512312025000010000.00000101010001010100010000033235
010000668100000051322504991863495718560062    36512312025000010000.00000101010001010100010000033235
010000668100000051322505004833217662840756    36512312025000010000.00000101010001010100010000033235
010000668100000051322505014723660357929184    36512312025000010000.00000101010001010100010000033235
010000668100000051322505027829634352300785    36512312025000010000.00000101010001010100010000033235
010000668100000051322505035355938438855291    36512312025000010000.00000101010001010100010000033235
010000668100000051322505041032929449867054    36512312025000010000.00000101010001010100010000033235
010000668100000051322505052078751543535495    36512312025000010000.00000101010001010100010000033235
010000668100000051322505062269477636823798    36512312025000010000.00000101010001010100010000033235
010000668100000051322505071681717866228002    36512312025000010000.00000101010001010100010000033235
010000668100000051322505081238299734892989    36512312025000010000.00000101010001010100010000033235
010000668100000051322505091238450726840602    36512312025000010000.00000101010001010100010000033235
010000668100000051322505107566970229909094    36512312025000010000.00000101010001010100010000033235
010000668100000051322505117139515054857311    36512312025000010000.00000101010001010100010000033235
010000668100000051322505123845672696456782    36512312025000010000.00000101010001010100010000033235
010000668100000051322505131715613956102209    36512312025000010000.00000101010001010100010000033235
010000668100000051322505145742566046966374    36512312025000010000.00000101010001010100010000033235
010000668100000051322505151703288502468073    36512312025000010000.00000101010001010100010000033235
010000668100000051322505169796993907832048    36512312025000010000.00000101010001010100010000033235
010000668100000051322505174657105663095644    36512312025000010000.00000101010001010100010000033235
010000668100000051322505184664481304392088    36512312025000010000.00000101010001010100010000033235
010000668100000051322505198107236581690168    36512312025000010000.00000101010001010100010000033235
010000668100000051322505208311419298049654    36512312025000010000.00000101010001010100010000033235