010003233200000051322500021180312745826701    36512312025000002000.00000101010001010100010000006668
010003233200000051322500031231417062090033    36512312025000002000.00000101010001010100010000006668
010003233200000051322500041023050346860402    36512312025000002000.00000101010001010100010000006668
010003233200000051322500059724052781268832    36512312025000002000.00000101010001010100010000006668
010003233200000051322500068523008561982557    36512312025000002000.00000101010001010100010000006668
010003233200000051322500073614580353466061    36512312025000002000.00000101010001010100010000006668
010003233200000051322500081417690122114607    36512312025000002000.00000101010001010100010000006668
010003233200000051322500092619703626464656    36512312025000002000.00000101010001010100010000006668
010003233200000051322500102453201278771845    36512312025000002000.00000101010001010100010000006668
010003233200000051322500111939661206439668    36512312025000002000.00000101010001010100010000006668
010003233200000051322500124067287205387047    36512312025000002000.00000101010001010100010000006668
010003233200000051322500136667107955097652    36512312025000002000.00000101010001010100010000006668
010003233200000051322500141766275483962878    36512312025000002000.00000101010001010100010000006668
010003233200000051322500155640484465968023    36512312025000002000.00000101010001010100010000006668
010003233200000051322500168400121317017292    36512312025000002000.00000101010001010100010000006668
010003233200000051322500171499019406583643    36512312025000002000.00000101010001010100010000006668
010003233200000051322500186974580552010531    36512312025000002000.00000101010001010100010000006668
010003233200000051322500191450310282012677    36512312025000002000.00000101010001010100010000006668
010003233200000051322500206514689991283644    36512312025000002000.00000101010001010100010000006668
010003233200000051322500213508350005969930    36512312025000002000.00000101010001010100010000006668
010003233200000051322500226411640056248258    36512312025000002000.00000101010001010100010000006668
010003233200000051322500231817218556150325    36512312025000002000.00000101010001010100010000006668
010003233200000051322500247639716213740973    36512312025000002000.00000101010001010100010000006668
010003233200000051322500253964792058462482    36512312025000002000.00000101010001010100010000006668
010003233200000051322500266936956820868898    36512312025000002000.00000101010001010100010000006668
010003233200000051322500277214880897233148    36512312025000002000.00000101010001010100010000006668
010003233200000051322500286616934638618523    36512312025000002000.00000101010001010100010000006668
010003233200000051322500291280604166486687    36512312025000002000.00000101010001010100010000006668
010003233200000051322500307602591707449014    36512312025000002000.00000101010001010100010000006668
010003233200000051322500312808998163722848    36512312025000002000.00000101010001010100010000006668
010003233200000051322500326546260518770041    36512312025000002000.00000101010001010100010000006668
010003233200000051322500332205906681064257    36512312025000002000.00000101010001010100010000006668
010003233200000051322500341282837287488804    36512312025000002000.00000101010001010100010000006668
010003233200000051322500351549181930246402    36512312025000002000.00000101010001010100010000006668
010003233200000051322500362591733942020788    36512312025000002000.00000101010001010100010000006668
010003233200000051322500379976104386839019    36512312025000002000.00000101010001010100010000006668
010003233200000051322500382625611787010828    36512312025000002000.00000101010001010100010000006668
010003233200000051322500393882817293025561    36512312025000002000.00000101010001010100010000006668
010003233200000051322500401725799040201645    36512312025000002000.00000101010001010100010000006668
010003233200000051322500414804752535903842    36512312025000002000.00000101010001010100010000006668
010003233200000051322500422816802537780096    36512312025000002000.00000101010001010100010000006668
010003233200000051322500431607430973802504    36512312025000002000.00000101010001010100010000006668
010003233200000051322500441512992070161565    36512312025000002000.00000101010001010100010000006668
010003233200000051322500457339679523148660    36512312025000002000.00000101010001010100010000006668
010003233200000051322500462973099714123495    36512312025000002000.00000101010001010100010000006668
010003233200000051322500471864581333081607    36512312025000002000.00000101010001010100010000006668
010003233200000051322500488944954876215025    36512312025000002000.00000101010001010100010000006668
010003233200000051322500496357928609584268    36512312025000002000.00000101010001010100010000006668
010003233200000051322500508536332700001743    36512312025000002000.00000101010001010100010000006668
010003233200000051322500518747497310025644    36512312025000002000.00000101010001010100010000006668
010003233200000051322500525733967714365796    36512312025000002000.00000101010001010100010000006668
010003233200000051322500533313571461410061    36512312025000002000.00000101010001010100010000006668
010003233200000051322500548465993237582484    36512312025000002000.00000101010001010100010000006668
010003233200000051322500552151170829306665    36512312025000002000.00000101010001010100010000006668
010003233200000051322500561339427385762635    36512312025000002000.00000101010001010100010000006668
010003233200000051322500578825019271420335    36512312025000002000.00000101010001010100010000006668
010003233200000051322500581344577428300037    36512312025000002000.00000101010001010100010000006668
010003233200000051322500592018753150364069    36512312025000002000.00000101010001010100010000006668
010003233200000051322500609032672860560733    36512312025000002000.00000101010001010100010000006668
010003233200000051322500612104421915337543    36512312025000002000.00000101010001010100010000006668
010003233200000051322500622103340423065474    36512312025000002000.00000101010001010100010000006668
010003233200000051322500631961271124592647    36512312025000002000.00000101010001010100010000006668
010003233200000051322500642941728583365188    36512312025000002000.00000101010001010100010000006668
010003233200000051322500651258890738764407    36512312025000002000.00000101010001010100010000006668
010003233200000051322500668528408915508469    36512312025000002000.00000101010001010100010000006668
010003233200000051322500671896226881554590    36512312025000002000.00000101010001010100010000006668
010003233200000051322500681177931160893072    36512312025000002000.00000101010001010100010000006668
010003233200000051322500692746852965895515    36512312025000002000.00000101010001010100010000006668
010003233200000051322500701216601285160961    36512312025000002000.00000101010001010100010000006668
010003233200000051322500713476281463614813    36512312025000002000.00000101010001010100010000006668
010003233200000051322500721028778758206444    36512312025000002000.00000101010001010100010000006668
010003233200000051322500731402593813441156    36512312025000002000.00000101010001010100010000006668
010003233200000051322500743826710174818545    36512312025000002000.00000101010001010100010000006668
010003233200000051322500754887057843616030    36512312025000002000.00000101010001010100010000006668
010003233200000051322500761403370137481564    36512312025000002000.00000101010001010100010000006668
010003233200000051322500776113473229718493    36512312025000002000.00000101010001010100010000006668
010003233200000051322500783993993899497682    36512312025000002000.00000101010001010100010000006668
010003233200000051322500794706858217582850    36512312025000002000.00000101010001010100010000006668
010003233200000051322500806836033021318868    36512312025000002000.00000101010001010100010000006668
010003233200000051322500811349676558760228    36512312025000002000.00000101010001010100010000006668
010003233200000051322500825041699559617539    36512312025000002000.00000101010001010100010000006668
010003233200000051322500834570844362084823    36512312025000002000.00000101010001010100010000006668
010003233200000051322500844557077851216892    36512312025000002000.00000101010001010100010000006668
010003233200000051322500851339401304629361    36512312025000002000.00000101010001010100010000006668
010003233200000051322500861369489869801305    36512312025000002000.00000101010001010100010000006668
010003233200000051322500871527448903075552    36512312025000002000.00000101010001010100010000006668
010003233200000051322500881141666240009942    36512312025000002000.00000101010001010100010000006668
010003233200000051322500891330698659064003    36512312025000002000.00000101010001010100010000006668
010003233200000051322500901931009292952403    36512312025000002000.00000101010001010100010000006668
010003233200000051322500916520543326542125    36512312025000002000.00000101010001010100010000006668
010003233200000051322500921965515092011995    36512312025000002000.00000101010001010100010000006668
010003233200000051322500935244744466120538    36512312025000002000.00000101010001010100010000006668
010003233200000051322500948129465214802431    36512312025000002000.00000101010001010100010000006668
010003233200000051322500959837553342172521    36512312025000002000.00000101010001010100010000006668
010003233200000051322500969010875169485035    36512312025000002000.00000101010001010100010000006668
010003233200000051322500974860168799931178    36512312025000002000.00000101010001010100010000006668
010003233200000051322500981144236004752248    36512312025000002000.00000101010001010100010000006668
010003233200000051322500996678403493825795    36512312025000002000.00000101010001010100010000006668
010003233200000051322501001078373495525765    36512312025000002000.00000101010001010100010000006668
010003233200000051322501017415282074354230    36512312025000002000.00000101010001010100010000006668
010003233200000051322501021561469826808083    36512312025000002000.00000101010001010100010000006668
010003233200000051322501034872239064090489    36512312025000002000.00000101010001010100010000006668
010003233200000051322501041023497416274558    36512312025000002000.00000101010001010100010000006668
010003233200000051322501052709424858694471    36512312025000002000.00000101010001010100010000006668
010003233200000051322501067251815615269631    36512312025000002000.00000101010001010100010000006668
010003233200000051322501071392375649139055    36512312025000002000.00000101010001010100010000006668
010003233200000051322501081054688739615844    36512312025000002000.00000101010001010100010000006668
010003233200000051322501091065615880085028    36512312025000002000.00000101010001010100010000006668
010003233200000051322501106192173532384036    36512312025000002000.00000101010001010100010000006668
010003233200000051322501111535795894431718    36512312025000002000.00000101010001010100010000006668
010003233200000051322501121536087072543605    36512312025000002000.00000101010001010100010000006668
010003233200000051322501131177256278820304    36512312025000002000.00000101010001010100010000006668
010003233200000051322501141144576451397603    36512312025000002000.00000101010001010100010000006668
010003233200000051322501151133336029181251    36512312025000002000.00000101010001010100010000006668
010003233200000051322501164559355796467282    36512312025000002000.00000101010001010100010000006668
010003233200000051322501178765050924190943    36512312025000002000.00000101010001010100010000006668
010003233200000051322501182979647746558887    36512312025000002000.00000101010001010100010000006668
010003233200000051322501198752144764137235    36512312025000002000.00000101010001010100010000006668
010003233200000051322501204399083367053656    36512312025000002000.00000101010001010100010000006668
010003233200000051322501212125918891221848    36512312025000002000.00000101010001010100010000006668
010003233200000051322501227569600003469662    36512312025000002000.00000101010001010100010000006668
010003233200000051322501231071205055908808    36512312025000002000.00000101010001010100010000006668
010003233200000051322501247070919729297878    36512312025000002000.00000101010001010100010000006668
010003233200000051322501256642029725940069    36512312025000002000.00000101010001010100010000006668
010003233200000051322501262405766955907239    36512312025000002000.00000101010001010100010000006668
010003233200000051322501271008468174113001    36512312025000002000.00000101010001010100010000006668
010003233200000051322501281087524690207626    36512312025000002000.00000101010001010100010000006668
010003233200000051322501299666852544044823    36512312025000002000.00000101010001010100010000006668
010003233200000051322501307952325591177469    36512312025000002000.00000101010001010100010000006668
010003233200000051322501317360916352412957    36512312025000002000.00000101010001010100010000006668010000667800000051322500011234567898765432    36512312025000010000.00000101010001010100010000033235
010000667800000051322500021180312745826701    36512312025000010000.00000101010001010100010000033235
010000667800000051322500031231417062090033    36512312025000010000.00000101010001010100010000033235
010000667800000051322500041023050346860402    36512312025000010000.00000101010001010100010000033235
010000667800000051322500059724052781268832    36512312025000010000.00000101010001010100010000033235
010000667800000051322500068523008561982557    36512312025000010000.00000101010001010100010000033235
010000667800000051322500073614580353466061    36512312025000010000.00000101010001010100010000033235
010000667800000051322500081417690122114607    36512312025000010000.00000101010001010100010000033235
010000667800000051322500092619703626464656    36512312025000010000.00000101010001010100010000033235
010000667800000051322500102453201278771845    36512312025000010000.00000101010001010100010000033235
010000667800000051322500111939661206439668    36512312025000010000.00000101010001010100010000033235
010000667800000051322500124067287205387047    36512312025000010000.00000101010001010100010000033235
010000667800000051322500136667107955097652    36512312025000010000.00000101010001010100010000033235
010000667800000051322500141766275483962878    36512312025000010000.00000101010001010100010000033235
010000667800000051322500155640484465968023    36512312025000010000.00000101010001010100010000033235
010000667800000051322500168400121317017292    36512312025000010000.00000101010001010100010000033235
010000667800000051322500171499019406583643    36512312025000010000.00000101010001010100010000033235
010000667800000051322500186974580552010531    36512312025000010000.00000101010001010100010000033235
010000667800000051322500191450310282012677    36512312025000010000.00000101010001010100010000033235
010000667800000051322500206514689991283644    36512312025000010000.00000101010001010100010000033235
010000667800000051322500213508350005969930    36512312025000010000.00000101010001010100010000033235
010000667800000051322500226411640056248258    36512312025000010000.00000101010001010100010000033235
010000667800000051322500231817218556150325    36512312025000010000.00000101010001010100010000033235
010000667800000051322500247639716213740973    36512312025000010000.00000101010001010100010000033235
010000667800000051322500253964792058462482    36512312025000010000.00000101010001010100010000033235
010000667800000051322500266936956820868898    36512312025000010000.00000101010001010100010000033235
010000667800000051322500277214880897233148    36512312025000010000.00000101010001010100010000033235
010000667800000051322500286616934638618523    36512312025000010000.00000101010001010100010000033235
010000667800000051322500291280604166486687    36512312025000010000.00000101010001010100010000033235
010000667800000051322500307602591707449014    36512312025000010000.00000101010001010100010000033235
010000667800000051322500312808998163722848    36512312025000010000.00000101010001010100010000033235
010000667800000051322500326546260518770041    36512312025000010000.00000101010001010100010000033235
010000667800000051322500332205906681064257    36512312025000010000.00000101010001010100010000033235
010000667800000051322500341282837287488804    36512312025000010000.00000101010001010100010000033235
010000667800000051322500351549181930246402    36512312025000010000.00000101010001010100010000033235
010000667800000051322500362591733942020788    36512312025000010000.00000101010001010100010000033235
010000667800000051322500379976104386839019    36512312025000010000.00000101010001010100010000033235
010000667800000051322500382625611787010828    36512312025000010000.00000101010001010100010000033235
010000667800000051322500393882817293025561    36512312025000010000.00000101010001010100010000033235
010000667800000051322500401725799040201645    36512312025000010000.00000101010001010100010000033235
010000667800000051322500414804752535903842    36512312025000010000.00000101010001010100010000033235
010000667800000051322500422816802537780096    36512312025000010000.00000101010001010100010000033235
010000667800000051322500431607430973802504    36512312025000010000.00000101010001010100010000033235
010000667800000051322500441512992070161565    36512312025000010000.00000101010001010100010000033235
010000667800000051322500457339679523148660    36512312025000010000.00000101010001010100010000033235
010000667800000051322500462973099714123495    36512312025000010000.00000101010001010100010000033235
010000667800000051322500471864581333081607    36512312025000010000.00000101010001010100010000033235
010000667800000051322500488944954876215025    36512312025000010000.00000101010001010100010000033235
010000667800000051322500496357928609584268    36512312025000010000.00000101010001010100010000033235
010000667800000051322500508536332700001743    36512312025000010000.00000101010001010100010000033235
010000667800000051322500518747497310025644    36512312025000010000.00000101010001010100010000033235
010000667800000051322500525733967714365796    36512312025000010000.00000101010001010100010000033235
010000667800000051322500533313571461410061    36512312025000010000.00000101010001010100010000033235
010000667800000051322500548465993237582484    36512312025000010000.00000101010001010100010000033235
010000667800000051322500552151170829306665    36512312025000010000.00000101010001010100010000033235
010000667800000051322500561339427385762635    36512312025000010000.00000101010001010100010000033235
010000667800000051322500578825019271420335    36512312025000010000.00000101010001010100010000033235
010000667800000051322500581344577428300037    36512312025000010000.00000101010001010100010000033235
010000667800000051322500592018753150364069    36512312025000010000.00000101010001010100010000033235
010000667800000051322500609032672860560733    36512312025000010000.00000101010001010100010000033235
010000667800000051322500612104421915337543    36512312025000010000.00000101010001010100010000033235
010000667800000051322500622103340423065474    36512312025000010000.00000101010001010100010000033235
010000667800000051322500631961271124592647    36512312025000010000.00000101010001010100010000033235
010000667800000051322500642941728583365188    36512312025000010000.00000101010001010100010000033235
010000667800000051322500651258890738764407    36512312025000010000.00000101010001010100010000033235
010000667800000051322500668528408915508469    36512312025000010000.00000101010001010100010000033235
010000667800000051322500671896226881554590    36512312025000010000.00000101010001010100010000033235
010000667800000051322500681177931160893072    36512312025000010000.00000101010001010100010000033235
010000667800000051322500692746852965895515    36512312025000010000.00000101010001010100010000033235
010000667800000051322500701216601285160961    36512312025000010000.00000101010001010100010000033235
010000667800000051322500713476281463614813    36512312025000010000.00000101010001010100010000033235
010000667800000051322500721028778758206444    36512312025000010000.00000101010001010100010000033235
010000667800000051322500731402593813441156    36512312025000010000.00000101010001010100010000033235
010000667800000051322500743826710174818545    36512312025000010000.00000101010001010100010000033235
010000667800000051322500754887057843616030    36512312025000010000.00000101010001010100010000033235
010000667800000051322500761403370137481564    36512312025000010000.00000101010001010100010000033235
010000667800000051322500776113473229718493    36512312025000010000.00000101010001010100010000033235
010000667800000051322500783993993899497682    36512312025000010000.00000101010001010100010000033235
010000667800000051322500794706858217582850    36512312025000010000.00000101010001010100010000033235
010000667800000051322500806836033021318868    36512312025000010000.00000101010001010100010000033235
010000667800000051322500811349676558760228    36512312025000010000.00000101010001010100010000033235
010000667800000051322500825041699559617539    36512312025000010000.00000101010001010100010000033235
010000667800000051322500834570844362084823    36512312025000010000.00000101010001010100010000033235
010000667800000051322500844557077851216892    36512312025000010000.00000101010001010100010000033235
010000667800000051322500851339401304629361    36512312025000010000.00000101010001010100010000033235
010000667800000051322500861369489869801305    36512312025000010000.00000101010001010100010000033235
010000667800000051322500871527448903075552    36512312025000010000.00000101010001010100010000033235
010000667800000051322500881141666240009942    36512312025000010000.00000101010001010100010000033235
010000667800000051322500891330698659064003    36512312025000010000.00000101010001010100010000033235
010000667800000051322500901931009292952403    36512312025000010000.00000101010001010100010000033235
010000667800000051322500916520543326542125    36512312025000010000.00000101010001010100010000033235
010000667800000051322500921965515092011995    36512312025000010000.00000101010001010100010000033235
010000667800000051322500935244744466120538    36512312025000010000.00000101010001010100010000033235
010000667800000051322500948129465214802431    36512312025000010000.00000101010001010100010000033235
010000667800000051322500959837553342172521    36512312025000010000.00000101010001010100010000033235
010000667800000051322500969010875169485035    36512312025000010000.00000101010001010100010000033235
010000667800000051322500974860168799931178    36512312025000010000.00000101010001010100010000033235
010000667800000051322500981144236004752248    36512312025000010000.00000101010001010100010000033235
010000667800000051322500996678403493825795    36512312025000010000.00000101010001010100010000033235
010000667800000051322501001078373495525765    36512312025000010000.00000101010001010100010000033235
010000667800000051322501017415282074354230    36512312025000010000.00000101010001010100010000033235
010000667800000051322501021561469826808083    36512312025000010000.00000101010001010100010000033235
010000667800000051322501034872239064090489    36512312025000010000.00000101010001010100010000033235
010000667800000051322501041023497416274558    36512312025000010000.00000101010001010100010000033235
010000667800000051322501052709424858694471    36512312025000010000.00000101010001010100010000033235
010000667800000051322501067251815615269631    36512312025000010000.00000101010001010100010000033235
010000667800000051322501071392375649139055    36512312025000010000.00000101010001010100010000033235
010000667800000051322501081054688739615844    36512312025000010000.00000101010001010100010000033235
010000667800000051322501091065615880085028    36512312025000010000.00000101010001010100010000033235
010000667800000051322501106192173532384036    36512312025000010000.00000101010001010100010000033235
010000667800000051322501111535795894431718    36512312025000010000.00000101010001010100010000033235
010000667800000051322501121536087072543605    36512312025000010000.00000101010001010100010000033235
010000667800000051322501131177256278820304    36512312025000010000.00000101010001010100010000033235
010000667800000051322501141144576451397603    36512312025000010000.00000101010001010100010000033235
010000667800000051322501151133336029181251    36512312025000010000.00000101010001010100010000033235
010000667800000051322501164559355796467282    36512312025000010000.00000101010001010100010000033235
010000667800000051322501178765050924190943    36512312025000010000.00000101010001010100010000033235
010000667800000051322501182979647746558887    36512312025000010000.00000101010001010100010000033235
010000667800000051322501198752144764137235    36512312025000010000.00000101010001010100010000033235
010000667800000051322501204399083367053656    36512312025000010000.00000101010001010100010000033235
010000667800000051322501212125918891221848    36512312025000010000.00000101010001010100010000033235
010000667800000051322501227569600003469662    36512312025000010000.00000101010001010100010000033235
010000667800000051322501231071205055908808    36512312025000010000.00000101010001010100010000033235
010000667800000051322501247070919729297878    36512312025000010000.00000101010001010100010000033235
010000667800000051322501256642029725940069    36512312025000010000.00000101010001010100010000033235
010000667800000051322501262405766955907239    36512312025000010000.00000101010001010100010000033235
010000667800000051322501271008468174113001    36512312025000010000.00000101010001010100010000033235
010000667800000051322501281087524690207626    36512312025000010000.00000101010001010100010000033235
010000667800000051322501299666852544044823    36512312025000010000.00000101010001010100010000033235
010000667800000051322501307952325591177469    36512312025000010000.00000101010001010100010000033235010003434300000051322513011156316124474227    36512312025000008000.00000101010001010100010000434343
010003434300000051322513023593320658350584    36512312025000008000.00000101010001010100010000434343
010003434300000051322513038118645022841616    36512312025000008000.00000101010001010100010000434343
010003434300000051322513041533848237779788    36512312025000008000.00000101010001010100010000434343
010003434300000051322513052579365167960523    36512312025000008000.00000101010001010100010000434343
010003434300000051322513061324789220395412    36512312025000008000.00000101010001010100010000434343
010003434300000051322513071180443679409413    36512312025000008000.00000101010001010100010000434343
010003434300000051322513081830438855531927    36512312025000008000.00000101010001010100010000434343
010003434300000051322513098589759638902010    36512312025000008000.00000101010001010100010000434343
010003434300000051322513101080635793879601    36512312025000008000.00000101010001010100010000434343