010003233900000051322509121558612106946306    36512312025000002000.00000101010001010100010000006668
010003233900000051322509135281368384698172    36512312025000002000.00000101010001010100010000006668
010003233900000051322509142305154974939639    36512312025000002000.00000101010001010100010000006668
010003233900000051322509151026713733693219    36512312025000002000.00000101010001010100010000006668
010003233900000051322509161398119353649236    36512312025000002000.00000101010001010100010000006668
010003233900000051322509171041478183014158    36512312025000002000.00000101010001010100010000006668
010003233900000051322509184537370927702483    36512312025000002000.00000101010001010100010000006668
010003233900000051322509191102990589341477    36512312025000002000.00000101010001010100010000006668
010003233900000051322509205189261329953699    36512312025000002000.00000101010001010100010000006668
010003233900000051322509212252300701700007    36512312025000002000.00000101010001010100010000006668
010003233900000051322509221168244970923369    36512312025000002000.00000101010001010100010000006668
010003233900000051322509239681226437211296    36512312025000002000.00000101010001010100010000006668
010003233900000051322509241510754963263499    36512312025000002000.00000101010001010100010000006668
010003233900000051322509254381779527808078    36512312025000002000.00000101010001010100010000006668
010003233900000051322509262090261298644050    36512312025000002000.00000101010001010100010000006668
010003233900000051322509274275902677215030    36512312025000002000.00000101010001010100010000006668
010003233900000051322509281683590951271603    36512312025000002000.00000101010001010100010000006668
010003233900000051322509291684039088164409    36512312025000002000.00000101010001010100010000006668
010003233900000051322509309433221001113070    36512312025000002000.00000101010001010100010000006668
010003233900000051322509314599240702566850    36512312025000002000.00000101010001010100010000006668
010003233900000051322509323713974783833633    36512312025000002000.00000101010001010100010000006668
010003233900000051322509335847357130063214    36512312025000002000.00000101010001010100010000006668
010003233900000051322509341404829341512247    36512312025000002000.00000101010001010100010000006668
010003233900000051322509352809722269326053    36512312025000002000.00000101010001010100010000006668
010003233900000051322509364463068051194288    36512312025000002000.00000101010001010100010000006668
010003233900000051322509378573066927776511    36512312025000002000.00000101010001010100010000006668
010003233900000051322509381756875072227427    36512312025000002000.00000101010001010100010000006668
010003233900000051322509391227441355690481    36512312025000002000.00000101010001010100010000006668
010003233900000051322509401408002042081497    36512312025000002000.00000101010001010100010000006668
010003233900000051322509417191898246221053    36512312025000002000.00000101010001010100010000006668
010003233900000051322509422199369382364484    36512312025000002000.00000101010001010100010000006668
010003233900000051322509433095890671440038    36512312025000002000.00000101010001010100010000006668
010003233900000051322509442223131220543103    36512312025000002000.00000101010001010100010000006668
010003233900000051322509451561762199557007    36512312025000002000.00000101010001010100010000006668
010003233900000051322509469039930934246113    36512312025000002000.00000101010001010100010000006668
010003233900000051322509471929098146662022    36512312025000002000.00000101010001010100010000006668
010003233900000051322509481544936785987773    36512312025000002000.00000101010001010100010000006668
010003233900000051322509497782352213008175    36512312025000002000.00000101010001010100010000006668
010003233900000051322509502145491831328066    36512312025000002000.00000101010001010100010000006668
010003233900000051322509511475828351024384    36512312025000002000.00000101010001010100010000006668
010003233900000051322509521623908235405909    36512312025000002000.00000101010001010100010000006668
010003233900000051322509531173669335780045    36512312025000002000.00000101010001010100010000006668
010003233900000051322509541547667139353814    36512312025000002000.00000101010001010100010000006668
010003233900000051322509551554167376984309    36512312025000002000.00000101010001010100010000006668
010003233900000051322509567747451322811245    36512312025000002000.00000101010001010100010000006668
010003233900000051322509579579407287207820    36512312025000002000.00000101010001010100010000006668
010003233900000051322509586939796330117618    36512312025000002000.00000101010001010100010000006668
010003233900000051322509592499532492830753    36512312025000002000.00000101010001010100010000006668
010003233900000051322509603027291826013769    36512312025000002000.00000101010001010100010000006668
010003233900000051322509611782729669899974    36512312025000002000.00000101010001010100010000006668
010003233900000051322509626908120708971299    36512312025000002000.00000101010001010100010000006668
010003233900000051322509635439317137716039    36512312025000002000.00000101010001010100010000006668
010003233900000051322509645427938184805555    36512312025000002000.00000101010001010100010000006668
010003233900000051322509656930104561582451    36512312025000002000.00000101010001010100010000006668
010003233900000051322509667866868140432631    36512312025000002000.00000101010001010100010000006668
010003233900000051322509671410868219703769    36512312025000002000.00000101010001010100010000006668
010003233900000051322509689881008613481550    36512312025000002000.00000101010001010100010000006668
010003233900000051322509696984791324809437    36512312025000002000.00000101010001010100010000006668
010003233900000051322509702275704621010820    36512312025000002000.00000101010001010100010000006668
010003233900000051322509716083869246956229    36512312025000002000.00000101010001010100010000006668
010003233900000051322509722426254167337177    36512312025000002000.00000101010001010100010000006668
010003233900000051322509735737270572748888    36512312025000002000.00000101010001010100010000006668
010003233900000051322509748736669195371410    36512312025000002000.00000101010001010100010000006668
010003233900000051322509753808985386974598    36512312025000002000.00000101010001010100010000006668
010003233900000051322509763403124661372695    36512312025000002000.00000101010001010100010000006668
010003233900000051322509771906548509633656    36512312025000002000.00000101010001010100010000006668
010003233900000051322509781077159390607169    36512312025000002000.00000101010001010100010000006668
010003233900000051322509794374188735713535    36512312025000002000.00000101010001010100010000006668
010003233900000051322509801082419507442764    36512312025000002000.00000101010001010100010000006668
010003233900000051322509811092158681813106    36512312025000002000.00000101010001010100010000006668
010003233900000051322509825918985104347849    36512312025000002000.00000101010001010100010000006668
010003233900000051322509835652401959832143    36512312025000002000.00000101010001010100010000006668
010003233900000051322509845515817122015238    36512312025000002000.00000101010001010100010000006668
010003233900000051322509851603502705561272    36512312025000002000.00000101010001010100010000006668
010003233900000051322509861003990849066832    36512312025000002000.00000101010001010100010000006668
010003233900000051322509871631753725725008    36512312025000002000.00000101010001010100010000006668
010003233900000051322509888928734679473024    36512312025000002000.00000101010001010100010000006668
010003233900000051322509893868915376862078    36512312025000002000.00000101010001010100010000006668
010003233900000051322509902594174983711231    36512312025000002000.00000101010001010100010000006668
010003233900000051322509911194866015941687    36512312025000002000.00000101010001010100010000006668
010003233900000051322509921365429465143257    36512312025000002000.00000101010001010100010000006668
010003233900000051322509931004519899029737    36512312025000002000.00000101010001010100010000006668
010003233900000051322509949987865628008050    36512312025000002000.00000101010001010100010000006668
010003233900000051322509951351020176919125    36512312025000002000.00000101010001010100010000006668
010003233900000051322509961940718263281008    36512312025000002000.00000101010001010100010000006668
010003233900000051322509976902960969481570    36512312025000002000.00000101010001010100010000006668
010003233900000051322509984972959468816468    36512312025000002000.00000101010001010100010000006668
010003233900000051322509997222241599401694    36512312025000002000.00000101010001010100010000006668
010003233900000051322510001474920357581288    36512312025000002000.00000101010001010100010000006668
010003233900000051322510015039905352950080    36512312025000002000.00000101010001010100010000006668
010003233900000051322510027648758121834849    36512312025000002000.00000101010001010100010000006668
010003233900000051322510031588523335058803    36512312025000002000.00000101010001010100010000006668
010003233900000051322510049487297917321498    36512312025000002000.00000101010001010100010000006668
010003233900000051322510056503933351424885    36512312025000002000.00000101010001010100010000006668
010003233900000051322510062696737541598011    36512312025000002000.00000101010001010100010000006668
010003233900000051322510071788281770975306    36512312025000002000.00000101010001010100010000006668
010003233900000051322510086379759115679657    36512312025000002000.00000101010001010100010000006668
010003233900000051322510095392004513879149    36512312025000002000.00000101010001010100010000006668
010003233900000051322510103074254504776011    36512312025000002000.00000101010001010100010000006668
010003233900000051322510113348014610961796    36512312025000002000.00000101010001010100010000006668
010003233900000051322510121316022561640673    36512312025000002000.00000101010001010100010000006668
010003233900000051322510134538260653432086    36512312025000002000.00000101010001010100010000006668
010003233900000051322510141028104490777421    36512312025000002000.00000101010001010100010000006668
010003233900000051322510152919007177996884    36512312025000002000.00000101010001010100010000006668
010003233900000051322510168646610211309631    36512312025000002000.00000101010001010100010000006668
010003233900000051322510178134344942031237    36512312025000002000.00000101010001010100010000006668
010003233900000051322510183842355868990576    36512312025000002000.00000101010001010100010000006668
010003233900000051322510191108326781170002    36512312025000002000.00000101010001010100010000006668
010003233900000051322510201016424579514741    36512312025000002000.00000101010001010100010000006668
010003233900000051322510212012997105907925    36512312025000002000.00000101010001010100010000006668
010003233900000051322510221700313633951305    36512312025000002000.00000101010001010100010000006668
010003233900000051322510238484769045513849    36512312025000002000.00000101010001010100010000006668
010003233900000051322510244267197899314867    36512312025000002000.00000101010001010100010000006668
010003233900000051322510252525445074674583    36512312025000002000.00000101010001010100010000006668
010003233900000051322510261402949620456967    36512312025000002000.00000101010001010100010000006668
010003233900000051322510277377154556926549    36512312025000002000.00000101010001010100010000006668
010003233900000051322510289331824032091599    36512312025000002000.00000101010001010100010000006668
010003233900000051322510291423013310598183    36512312025000002000.00000101010001010100010000006668
010003233900000051322510304967963933957476    36512312025000002000.00000101010001010100010000006668
010003233900000051322510311511938283562933    36512312025000002000.00000101010001010100010000006668
010003233900000051322510321083747878472077    36512312025000002000.00000101010001010100010000006668
010003233900000051322510331020437650904308    36512312025000002000.00000101010001010100010000006668
010003233900000051322510346385897422792547    36512312025000002000.00000101010001010100010000006668
010003233900000051322510355708267968416020    36512312025000002000.00000101010001010100010000006668
010003233900000051322510364939865170218728    36512312025000002000.00000101010001010100010000006668
010003233900000051322510376392516730487550    36512312025000002000.00000101010001010100010000006668
010003233900000051322510383202992738248476    36512312025000002000.00000101010001010100010000006668
010003233900000051322510392423305842800012    36512312025000002000.00000101010001010100010000006668
010003233900000051322510401972479665796482    36512312025000002000.00000101010001010100010000006668
010003233900000051322510417668782671493781    36512312025000002000.00000101010001010100010000006668010000668500000051322509116150765872950469    36512312025000010000.00000101010001010100010000033235
010000668500000051322509121558612106946306    36512312025000010000.00000101010001010100010000033235
010000668500000051322509135281368384698172    36512312025000010000.00000101010001010100010000033235
010000668500000051322509142305154974939639    36512312025000010000.00000101010001010100010000033235
010000668500000051322509151026713733693219    36512312025000010000.00000101010001010100010000033235
010000668500000051322509161398119353649236    36512312025000010000.00000101010001010100010000033235
010000668500000051322509171041478183014158    36512312025000010000.00000101010001010100010000033235
010000668500000051322509184537370927702483    36512312025000010000.00000101010001010100010000033235
010000668500000051322509191102990589341477    36512312025000010000.00000101010001010100010000033235
010000668500000051322509205189261329953699    36512312025000010000.00000101010001010100010000033235
010000668500000051322509212252300701700007    36512312025000010000.00000101010001010100010000033235
010000668500000051322509221168244970923369    36512312025000010000.00000101010001010100010000033235
010000668500000051322509239681226437211296    36512312025000010000.00000101010001010100010000033235
010000668500000051322509241510754963263499    36512312025000010000.00000101010001010100010000033235
010000668500000051322509254381779527808078    36512312025000010000.00000101010001010100010000033235
010000668500000051322509262090261298644050    36512312025000010000.00000101010001010100010000033235
010000668500000051322509274275902677215030    36512312025000010000.00000101010001010100010000033235
010000668500000051322509281683590951271603    36512312025000010000.00000101010001010100010000033235
010000668500000051322509291684039088164409    36512312025000010000.00000101010001010100010000033235
010000668500000051322509309433221001113070    36512312025000010000.00000101010001010100010000033235
010000668500000051322509314599240702566850    36512312025000010000.00000101010001010100010000033235
010000668500000051322509323713974783833633    36512312025000010000.00000101010001010100010000033235
010000668500000051322509335847357130063214    36512312025000010000.00000101010001010100010000033235
010000668500000051322509341404829341512247    36512312025000010000.00000101010001010100010000033235
010000668500000051322509352809722269326053    36512312025000010000.00000101010001010100010000033235
010000668500000051322509364463068051194288    36512312025000010000.00000101010001010100010000033235
010000668500000051322509378573066927776511    36512312025000010000.00000101010001010100010000033235
010000668500000051322509381756875072227427    36512312025000010000.00000101010001010100010000033235
010000668500000051322509391227441355690481    36512312025000010000.00000101010001010100010000033235
010000668500000051322509401408002042081497    36512312025000010000.00000101010001010100010000033235
010000668500000051322509417191898246221053    36512312025000010000.00000101010001010100010000033235
010000668500000051322509422199369382364484    36512312025000010000.00000101010001010100010000033235
010000668500000051322509433095890671440038    36512312025000010000.00000101010001010100010000033235
010000668500000051322509442223131220543103    36512312025000010000.00000101010001010100010000033235
010000668500000051322509451561762199557007    36512312025000010000.00000101010001010100010000033235
010000668500000051322509469039930934246113    36512312025000010000.00000101010001010100010000033235
010000668500000051322509471929098146662022    36512312025000010000.00000101010001010100010000033235
010000668500000051322509481544936785987773    36512312025000010000.00000101010001010100010000033235
010000668500000051322509497782352213008175    36512312025000010000.00000101010001010100010000033235
010000668500000051322509502145491831328066    36512312025000010000.00000101010001010100010000033235
010000668500000051322509511475828351024384    36512312025000010000.00000101010001010100010000033235
010000668500000051322509521623908235405909    36512312025000010000.00000101010001010100010000033235
010000668500000051322509531173669335780045    36512312025000010000.00000101010001010100010000033235
010000668500000051322509541547667139353814    36512312025000010000.00000101010001010100010000033235
010000668500000051322509551554167376984309    36512312025000010000.00000101010001010100010000033235
010000668500000051322509567747451322811245    36512312025000010000.00000101010001010100010000033235
010000668500000051322509579579407287207820    36512312025000010000.00000101010001010100010000033235
010000668500000051322509586939796330117618    36512312025000010000.00000101010001010100010000033235
010000668500000051322509592499532492830753    36512312025000010000.00000101010001010100010000033235
010000668500000051322509603027291826013769    36512312025000010000.00000101010001010100010000033235
010000668500000051322509611782729669899974    36512312025000010000.00000101010001010100010000033235
010000668500000051322509626908120708971299    36512312025000010000.00000101010001010100010000033235
010000668500000051322509635439317137716039    36512312025000010000.00000101010001010100010000033235
010000668500000051322509645427938184805555    36512312025000010000.00000101010001010100010000033235
010000668500000051322509656930104561582451    36512312025000010000.00000101010001010100010000033235
010000668500000051322509667866868140432631    36512312025000010000.00000101010001010100010000033235
010000668500000051322509671410868219703769    36512312025000010000.00000101010001010100010000033235
010000668500000051322509689881008613481550    36512312025000010000.00000101010001010100010000033235
010000668500000051322509696984791324809437    36512312025000010000.00000101010001010100010000033235
010000668500000051322509702275704621010820    36512312025000010000.00000101010001010100010000033235
010000668500000051322509716083869246956229    36512312025000010000.00000101010001010100010000033235
010000668500000051322509722426254167337177    36512312025000010000.00000101010001010100010000033235
010000668500000051322509735737270572748888    36512312025000010000.00000101010001010100010000033235
010000668500000051322509748736669195371410    36512312025000010000.00000101010001010100010000033235
010000668500000051322509753808985386974598    36512312025000010000.00000101010001010100010000033235
010000668500000051322509763403124661372695    36512312025000010000.00000101010001010100010000033235
010000668500000051322509771906548509633656    36512312025000010000.00000101010001010100010000033235
010000668500000051322509781077159390607169    36512312025000010000.00000101010001010100010000033235
010000668500000051322509794374188735713535    36512312025000010000.00000101010001010100010000033235
010000668500000051322509801082419507442764    36512312025000010000.00000101010001010100010000033235
010000668500000051322509811092158681813106    36512312025000010000.00000101010001010100010000033235
010000668500000051322509825918985104347849    36512312025000010000.00000101010001010100010000033235
010000668500000051322509835652401959832143    36512312025000010000.00000101010001010100010000033235
010000668500000051322509845515817122015238    36512312025000010000.00000101010001010100010000033235
010000668500000051322509851603502705561272    36512312025000010000.00000101010001010100010000033235
010000668500000051322509861003990849066832    36512312025000010000.00000101010001010100010000033235
010000668500000051322509871631753725725008    36512312025000010000.00000101010001010100010000033235
010000668500000051322509888928734679473024    36512312025000010000.00000101010001010100010000033235
010000668500000051322509893868915376862078    36512312025000010000.00000101010001010100010000033235
010000668500000051322509902594174983711231    36512312025000010000.00000101010001010100010000033235
010000668500000051322509911194866015941687    36512312025000010000.00000101010001010100010000033235
010000668500000051322509921365429465143257    36512312025000010000.00000101010001010100010000033235
010000668500000051322509931004519899029737    36512312025000010000.00000101010001010100010000033235
010000668500000051322509949987865628008050    36512312025000010000.00000101010001010100010000033235
010000668500000051322509951351020176919125    36512312025000010000.00000101010001010100010000033235
010000668500000051322509961940718263281008    36512312025000010000.00000101010001010100010000033235
010000668500000051322509976902960969481570    36512312025000010000.00000101010001010100010000033235
010000668500000051322509984972959468816468    36512312025000010000.00000101010001010100010000033235
010000668500000051322509997222241599401694    36512312025000010000.00000101010001010100010000033235
010000668500000051322510001474920357581288    36512312025000010000.00000101010001010100010000033235
010000668500000051322510015039905352950080    36512312025000010000.00000101010001010100010000033235
010000668500000051322510027648758121834849    36512312025000010000.00000101010001010100010000033235
010000668500000051322510031588523335058803    36512312025000010000.00000101010001010100010000033235
010000668500000051322510049487297917321498    36512312025000010000.00000101010001010100010000033235
010000668500000051322510056503933351424885    36512312025000010000.00000101010001010100010000033235
010000668500000051322510062696737541598011    36512312025000010000.00000101010001010100010000033235
010000668500000051322510071788281770975306    36512312025000010000.00000101010001010100010000033235
010000668500000051322510086379759115679657    36512312025000010000.00000101010001010100010000033235
010000668500000051322510095392004513879149    36512312025000010000.00000101010001010100010000033235
010000668500000051322510103074254504776011    36512312025000010000.00000101010001010100010000033235
010000668500000051322510113348014610961796    36512312025000010000.00000101010001010100010000033235
010000668500000051322510121316022561640673    36512312025000010000.00000101010001010100010000033235
010000668500000051322510134538260653432086    36512312025000010000.00000101010001010100010000033235
010000668500000051322510141028104490777421    36512312025000010000.00000101010001010100010000033235
010000668500000051322510152919007177996884    36512312025000010000.00000101010001010100010000033235
010000668500000051322510168646610211309631    36512312025000010000.00000101010001010100010000033235
010000668500000051322510178134344942031237    36512312025000010000.00000101010001010100010000033235
010000668500000051322510183842355868990576    36512312025000010000.00000101010001010100010000033235
010000668500000051322510191108326781170002    36512312025000010000.00000101010001010100010000033235
010000668500000051322510201016424579514741    36512312025000010000.00000101010001010100010000033235
010000668500000051322510212012997105907925    36512312025000010000.00000101010001010100010000033235
010000668500000051322510221700313633951305    36512312025000010000.00000101010001010100010000033235
010000668500000051322510238484769045513849    36512312025000010000.00000101010001010100010000033235
010000668500000051322510244267197899314867    36512312025000010000.00000101010001010100010000033235
010000668500000051322510252525445074674583    36512312025000010000.00000101010001010100010000033235
010000668500000051322510261402949620456967    36512312025000010000.00000101010001010100010000033235
010000668500000051322510277377154556926549    36512312025000010000.00000101010001010100010000033235
010000668500000051322510289331824032091599    36512312025000010000.00000101010001010100010000033235
010000668500000051322510291423013310598183    36512312025000010000.00000101010001010100010000033235
010000668500000051322510304967963933957476    36512312025000010000.00000101010001010100010000033235
010000668500000051322510311511938283562933    36512312025000010000.00000101010001010100010000033235
010000668500000051322510321083747878472077    36512312025000010000.00000101010001010100010000033235
010000668500000051322510331020437650904308    36512312025000010000.00000101010001010100010000033235
010000668500000051322510346385897422792547    36512312025000010000.00000101010001010100010000033235
010000668500000051322510355708267968416020    36512312025000010000.00000101010001010100010000033235
010000668500000051322510364939865170218728    36512312025000010000.00000101010001010100010000033235
010000668500000051322510376392516730487550    36512312025000010000.00000101010001010100010000033235
010000668500000051322510383202992738248476    36512312025000010000.00000101010001010100010000033235
010000668500000051322510392423305842800012    36512312025000010000.00000101010001010100010000033235
010000668500000051322510401972479665796482    36512312025000010000.00000101010001010100010000033235